306.89999	15319
306.91602	15391
306.93201	15292
306.94803	15405
306.96405	15300
306.98007	16008
306.99606	15659
307.01208	15834
307.02811	16854
307.0441	15699
307.06012	15360
307.07614	15906
307.09216	16505
307.10815	15319
307.12418	15475
307.1402	16968
307.15619	15528
307.17221	16339
307.18823	15921
307.20425	15410
307.22025	15434
307.23627	16738
307.25229	17030
307.26828	16862
307.2843	15323
307.30032	15267
307.31635	15478
307.33234	15641
307.34836	16160
307.36438	15786
307.3804	16011
307.39639	16863
307.41241	18248
307.42844	15736
307.44443	16803
307.46045	16281
307.47647	16849
307.49249	15661
307.50848	15393
307.52451	16118
307.54053	15952
307.55652	17046
307.57254	15518
307.58856	15340
307.60458	15550
307.62057	15876
307.6366	15476
307.65262	15458
307.66861	15939
307.68463	18141
307.70065	16580
307.71667	16462
307.73267	15833
307.74869	15834
307.76471	15468
307.7807	15283
307.79672	15552
307.81274	15453
307.82877	15391
307.84476	15892
307.86078	15850
307.8768	16214
307.89279	15389
307.90881	15828
307.92484	15449
307.94086	15557
307.95685	16005
307.97287	15371
307.98889	15379
308.00488	15290
308.0209	15391
308.03693	15797
308.05295	15486
308.06894	15951
308.08496	15557
308.10098	16367
308.117	16129
308.133	15337
308.14902	15577
308.16504	15369
308.18103	15750
308.19705	15472
308.21307	15347
308.2291	15357
308.24509	15392
308.26111	15380
308.27713	15433
308.29312	15404
308.30914	15481
308.32516	15473
308.34119	15917
308.35718	16066
308.3732	15529
308.38922	16886
308.40521	15668
308.42123	15831
308.43726	16113
308.45328	16365
308.46927	16911
308.48529	18200
308.50131	17982
308.5173	17066
308.53333	16647
308.54935	15355
308.56537	15374
308.58136	15349
308.59738	15407
308.6134	15414
308.62939	16970
308.64542	18753
308.66144	19548
308.67746	17312
308.69345	16705
308.70947	15681
308.72549	15820
308.74149	15396
308.75751	15612
308.77353	16378
308.78955	18288
308.80554	19694
308.82156	16423
308.83759	17129
308.85361	15560
308.8696	15401
308.88562	15331
308.90164	15464
308.91763	15561
308.93365	15397
308.94968	16135
308.9657	17840
308.98169	17185
308.99771	18185
309.01373	16008
309.02972	15439
309.04575	15617
309.06177	15664
309.07779	15567
309.09378	15325
309.1098	15464
309.12582	15506
309.14182	15495
309.15784	15585
309.17386	17689
309.18988	16520
309.20587	15538
309.22189	15481
309.23792	15304
309.25391	15342
309.26993	15877
309.28595	16226
309.30197	16556
309.31796	16109
309.33398	15837
309.35001	15469
309.366	17024
309.38202	15569
309.39804	18486
309.41406	17149
309.43005	15542
309.44608	15385
309.4621	15258
309.47809	15262
309.49411	15546
309.51013	15598
309.52615	15437
309.54214	15605
309.55817	15607
309.57419	15540
309.59021	15786
309.6062	15922
309.62222	18163
309.63824	19470
309.65424	21830
309.67026	15642
309.68628	16550
309.7023	19307
309.71829	16568
309.73431	15737
309.75034	15529
309.76633	17691
309.78235	17055
309.79837	17546
309.81439	17104
309.83038	15786
309.84641	15496
309.86243	15585
309.87842	15574
309.89444	16971
309.91046	16337
309.92648	16088
309.94247	15815
309.9585	15921
309.97452	15458
309.99051	15448
310.00653	15913
310.02255	15379
310.03857	15726
310.05457	15529
310.07059	15413
310.08661	15702
310.1026	15505
310.11862	16140
310.13464	15494
310.15067	15551
310.16666	15379
310.18268	15723
310.1987	16429
310.21469	15416
310.23071	15627
310.24673	15717
310.26276	17754
310.27875	15941
310.29477	15904
310.31079	16019
310.32681	16943
310.3428	15294
310.35883	15692
310.37485	15417
310.39084	15300
310.40686	15336
310.42288	15422
310.4389	15580
310.4549	15484
310.47092	15221
310.48694	15704
310.50293	15998
310.51895	15835
310.53497	15741
310.55099	15831
310.56699	16005
310.58301	19835
310.59903	16943
310.61502	16747
310.63104	16331
310.64706	15409
310.66309	15425
310.67908	15276
310.6951	15392
310.71112	15294
310.72711	15523
310.74313	15409
310.75916	15379
310.77518	16391
310.79117	16839
310.80719	16804
310.82321	15492
310.8392	15404
310.85522	15428
310.87125	16837
310.88727	18620
310.90326	17083
310.91928	15528
310.9353	15433
310.95129	15658
310.96732	15515
310.98334	15547
310.99936	16606
311.01535	15559
311.03137	15473
311.04739	15485
311.06342	15443
311.07941	15496
311.09543	15513
311.11145	15459
311.12744	15468
311.14346	15357
311.15948	15325
311.17551	15578
311.1915	15781
311.20752	15234
311.22354	15823
311.23953	17493
311.25555	15426
311.27158	15512
311.2876	17104
311.30359	18023
311.31961	16886
311.33563	15710
311.35162	15530
311.36765	15916
311.38367	16071
311.39969	16278
311.41568	16916
311.4317	16308
311.44772	15398
311.46371	15555
311.47974	15333
311.49576	15403
311.51178	15576
311.52777	15548
311.54379	15772
311.55981	16069
311.57581	16314
311.59183	16971
311.60785	15902
311.62387	15594
311.63986	15714
311.65588	16401
311.67191	16560
311.6879	17116
311.70392	15578
311.71994	15364
311.73596	15273
311.75195	15399
311.76797	15676
311.784	15643
311.79999	15477
311.81601	15772
311.83203	15885
311.84805	16918
311.86404	16279
311.88007	18449
311.89609	17096
311.91211	15759
311.9281	15757
311.94412	15684
311.96014	16105
311.97614	16380
311.99216	15891
312.00818	16745
312.0242	15529
312.04019	15437
312.05621	15663
312.07224	15545
312.08823	15765
312.10425	15917
312.12027	16000
312.13629	15808
312.15228	15493
312.1683	15439
312.18433	15492
312.20032	16030
312.21634	15508
312.23236	15845
312.24838	15851
312.26437	15853
312.2804	15891
312.29642	15640
312.31241	15727
312.32843	15781
312.34445	16076
312.36047	17070
312.37646	17955
312.39249	17246
312.40851	15639
312.4245	16234
312.44052	17649
312.45654	16253
312.47256	16039
312.48856	15618
312.50458	15334
312.5206	15434
312.53659	15448
312.55261	15425
312.56863	15688
312.58466	16323
312.60065	16219
312.61667	15673
312.63269	15779
312.64871	15551
312.6647	15378
312.68073	15554
312.69675	15499
312.71274	15293
312.72876	15393
312.74478	15557
312.7608	15556
312.77679	15612
312.79282	15664
312.80884	15535
312.82483	15625
312.84085	15482
312.85687	15606
312.87289	15876
312.88889	17167
312.90491	15716
312.92093	17591
312.93692	15693
312.95294	15717
312.96896	15793
312.98499	15387
313.00098	16377
313.017	15849
313.03302	16827
313.04901	15663
313.06503	16226
313.08105	15805
313.09708	15479
313.11307	15233
313.12909	15606
313.14511	15619
313.1611	15748
313.17712	15274
313.19315	15894
313.20917	15446
313.22516	15622
313.24118	15500
313.2572	15501
313.27319	15561
313.28922	15868
313.30524	15533
313.32126	16314
313.33725	16114
313.35327	15921
313.36929	15652
313.38531	15520
313.40131	15974
313.41733	15832
313.43335	16794
313.44934	15984
313.46536	17213
313.48138	15925
313.49741	17852
313.5134	16548
313.52942	15763
313.54544	15491
313.56143	16006
313.57745	15817
313.59348	15436
313.6095	15903
313.62549	16081
313.64151	16972
313.65753	15927
313.67352	16468
313.68954	17273
313.70557	18369
313.72159	16209
313.73758	16327
313.7536	15920
313.76962	16129
313.78561	16099
313.80164	15432
313.81766	15784
313.83368	15980
313.84967	15757
313.86569	15934
313.88171	16024
313.89771	15864
313.91373	15932
313.92975	15955
313.94577	15599
313.96176	16068
313.97778	15494
313.9938	16658
314.0098	16115
314.02582	15912
314.04184	16251
314.05786	16055
314.07385	17222
314.08987	17251
314.1059	17581
314.12192	16034
314.13791	16340
314.15393	17275
314.16995	16553
314.18594	15695
314.20197	15736
314.21799	15885
314.23401	15816
314.25	16216
314.26602	16126
314.28204	15677
314.29803	15436
314.31406	16252
314.33008	18323
314.3461	15797
314.36209	16460
314.37811	15950
314.39413	15584
314.41013	15466
314.42615	15747
314.44217	16026
314.45819	15747
314.47418	15798
314.4902	15615
314.50623	15921
314.52222	15442
314.53824	15477
314.55426	15477
314.57028	16093
314.58627	15860
314.60229	15617
314.61832	15958
314.63431	15570
314.65033	15720
314.66635	15685
314.68237	15705
314.69836	16129
314.71439	15646
314.73041	15840
314.7464	17223
314.76242	15870
314.77844	15514
314.79446	15739
314.81046	15649
314.82648	16110
314.8425	15429
314.85852	15765
314.87451	15827
314.89053	15912
314.90656	15900
314.92255	16012
314.93857	15600
314.95459	15315
314.97061	15667
314.9866	16949
315.00262	16499
315.01865	15894
315.03464	16355
315.05066	16677
315.06668	15506
315.0827	16444
315.09869	16237
315.11472	16176
315.13074	15509
315.14673	15533
315.16275	15371
315.17877	15751
315.19479	16039
315.21078	16498
315.22681	15733
315.24283	15804
315.25882	15710
315.27484	15563
315.29086	15711
315.30688	16338
315.32288	15932
315.3389	16267
315.35492	15570
315.37091	16786
315.38693	15598
315.40295	15813
315.41898	15916
315.43497	16322
315.45099	16363
315.46701	15901
315.483	15577
315.49902	15870
315.51505	15837
315.53107	15925
315.54706	15752
315.56308	15679
315.5791	15417
315.59512	15953
315.61111	15936
315.62714	16275
315.64316	15924
315.65915	15842
315.67517	15868
315.69119	15590
315.70721	16396
315.72321	15405
315.73923	16070
315.75525	15410
315.77124	15334
315.78726	16206
315.80328	15813
315.81931	15504
315.8353	15893
315.85132	15574
315.86734	16301
315.88333	15781
315.89935	15831
315.91537	15782
315.9314	15880
315.94739	15718
315.96341	15495
315.97943	15937
315.99542	16018
316.01144	15543
316.02747	15485
316.04349	16114
316.05948	15897
316.0755	15701
316.09152	15722
316.10751	15229
316.12354	15732
316.13956	16432
316.15558	15867
316.17157	15455
316.18759	16074
316.20361	15828
316.2196	16517
316.23563	15431
316.25165	15994
316.26767	15700
316.28366	16493
316.29968	15821
316.3157	17019
316.33173	15933
316.34772	15779
316.36374	16105
316.37976	16655
316.39575	15653
316.41177	16955
316.4278	16672
316.44382	16486
316.45981	16902
316.47583	16173
316.49185	16559
316.50784	18729
316.52386	18822
316.53989	16758
316.55591	16498
316.5719	15953
316.58792	15862
316.60394	15313
316.61993	15308
316.63596	15428
316.65198	15567
316.668	15422
316.68399	15508
316.70001	15454
