306.89999	15407
306.91602	15415
306.93201	15297
306.94803	15356
306.96405	15385
306.98007	15794
306.99606	15467
307.01208	16722
307.02811	18197
307.0441	16382
307.06012	18320
307.07614	15763
307.09216	15775
307.10815	15732
307.12418	16426
307.1402	15516
307.15619	19704
307.17221	15529
307.18823	15407
307.20425	15447
307.22025	15322
307.23627	15565
307.25229	15519
307.26828	17052
307.2843	15529
307.30032	15334
307.31635	15607
307.33234	15343
307.34836	15422
307.36438	16494
307.3804	16227
307.39639	15829
307.41241	16643
307.42844	15618
307.44443	15781
307.46045	15791
307.47647	16504
307.49249	15649
307.50848	15483
307.52451	15531
307.54053	15602
307.55652	15681
307.57254	15873
307.58856	15875
307.60458	15375
307.62057	16125
307.6366	15351
307.65262	15410
307.66861	15390
307.68463	18070
307.70065	16486
307.71667	15622
307.73267	15790
307.74869	15405
307.76471	15284
307.7807	15655
307.79672	15358
307.81274	15402
307.82877	15527
307.84476	15846
307.86078	16163
307.8768	17281
307.89279	15969
307.90881	15366
307.92484	15345
307.94086	15289
307.95685	16009
307.97287	15622
307.98889	15368
308.00488	15309
308.0209	15378
308.03693	15361
308.05295	15381
308.06894	15478
308.08496	16183
308.10098	15794
308.117	15403
308.133	15447
308.14902	15427
308.16504	15567
308.18103	15376
308.19705	15599
308.21307	15449
308.2291	15348
308.24509	15344
308.26111	15234
308.27713	15349
308.29312	15375
308.30914	15371
308.32516	15526
308.34119	15631
308.35718	15520
308.3732	15717
308.38922	15416
308.40521	15263
308.42123	15259
308.43726	15411
308.45328	15589
308.46927	15853
308.48529	15599
308.50131	17700
308.5173	16474
308.53333	15577
308.54935	15236
308.56537	15257
308.58136	15304
308.59738	15364
308.6134	15298
308.62939	16134
308.64542	15770
308.66144	16373
308.67746	15310
308.69345	15541
308.70947	15482
308.72549	15384
308.74149	15246
308.75751	15340
308.77353	15583
308.78955	16876
308.80554	16442
308.82156	19827
308.83759	15707
308.85361	15730
308.8696	15301
308.88562	15497
308.90164	15459
308.91763	15444
308.93365	15511
308.94968	15549
308.9657	16158
308.98169	18960
308.99771	17096
309.01373	15830
309.02972	15426
309.04575	15524
309.06177	15686
309.07779	15420
309.09378	15249
309.1098	16044
309.12582	16380
309.14182	16628
309.15784	16746
309.17386	20088
309.18988	20656
309.20587	17122
309.22189	15741
309.23792	15445
309.25391	15720
309.26993	15825
309.28595	16115
309.30197	17017
309.31796	15540
309.33398	15679
309.35001	15394
309.366	15419
309.38202	15843
309.39804	19221
309.41406	19492
309.43005	15704
309.44608	15232
309.4621	15272
309.47809	15398
309.49411	15361
309.51013	15514
309.52615	15434
309.54214	15647
309.55817	15651
309.57419	15476
309.59021	15708
309.6062	16436
309.62222	19620
309.63824	30181
309.65424	18276
309.67026	15928
309.68628	19450
309.7023	19043
309.71829	17904
309.73431	16685
309.75034	15645
309.76633	17900
309.78235	16932
309.79837	21642
309.81439	16975
309.83038	15857
309.84641	15743
309.86243	15679
309.87842	17493
309.89444	18346
309.91046	18790
309.92648	21196
309.94247	17023
309.9585	18327
309.97452	15703
309.99051	15426
310.00653	15661
310.02255	16084
310.03857	16144
310.05457	15464
310.07059	15359
310.08661	15582
310.1026	18304
310.11862	17368
310.13464	17807
310.15067	15835
310.16666	16230
310.18268	20976
310.1987	17312
310.21469	19247
310.23071	16071
310.24673	16952
310.26276	18772
310.27875	19731
310.29477	16746
310.31079	17155
310.32681	18404
310.3428	16752
310.35883	17378
310.37485	15912
310.39084	15408
310.40686	15885
310.42288	15512
310.4389	15339
310.4549	15601
310.47092	15591
310.48694	15904
310.50293	16817
310.51895	17084
310.53497	16100
310.55099	15869
310.56699	15736
310.58301	19754
310.59903	15846
310.61502	17127
310.63104	15517
310.64706	15614
310.66309	15501
310.67908	15331
310.6951	15469
310.71112	15546
310.72711	15766
310.74313	15570
310.75916	15430
310.77518	18016
310.79117	16166
310.80719	15311
310.82321	15426
310.8392	15437
310.85522	15582
310.87125	17780
310.88727	16189
310.90326	18064
310.91928	17006
310.9353	15521
310.95129	15816
310.96732	16910
310.98334	16872
310.99936	15901
311.01535	16103
311.03137	15433
311.04739	15462
311.06342	15585
311.07941	15633
311.09543	15399
311.11145	15313
311.12744	15612
311.14346	15406
311.15948	15428
311.17551	15668
311.1915	15705
311.20752	15616
311.22354	15821
311.23953	16099
311.25555	19322
311.27158	15783
311.2876	16170
311.30359	17318
311.31961	16330
311.33563	16802
311.35162	16021
311.36765	15792
311.38367	16494
311.39969	19458
311.41568	19418
311.4317	15635
311.44772	16005
311.46371	15433
311.47974	15297
311.49576	15485
311.51178	15496
311.52777	15571
311.54379	15729
311.55981	15635
311.57581	15528
311.59183	17174
311.60785	15495
311.62387	15779
311.63986	15490
311.65588	15848
311.67191	16544
311.6879	15639
311.70392	16145
311.71994	15497
311.73596	15516
311.75195	15318
311.76797	15738
311.784	15500
311.79999	15741
311.81601	15683
311.83203	15468
311.84805	17331
311.86404	17067
311.88007	17082
311.89609	15275
311.91211	15789
311.9281	15505
311.94412	15455
311.96014	15393
311.97614	16470
311.99216	16682
312.00818	15956
312.0242	15900
312.04019	15564
312.05621	15501
312.07224	15710
312.08823	15695
312.10425	15508
312.12027	16694
312.13629	15633
312.15228	15848
312.1683	15467
312.18433	15387
312.20032	15440
312.21634	15407
312.23236	15653
312.24838	15653
312.26437	15666
312.2804	16342
312.29642	15944
312.31241	15541
312.32843	15812
312.34445	15986
312.36047	17636
312.37646	15831
312.39249	16306
312.40851	17135
312.4245	20575
312.44052	20151
312.45654	15757
312.47256	16222
312.48856	15503
312.50458	15420
312.5206	15519
312.53659	15581
312.55261	15442
312.56863	16730
312.58466	16258
312.60065	15939
312.61667	17010
312.63269	15841
312.64871	16029
312.6647	15346
312.68073	15578
312.69675	15746
312.71274	15938
312.72876	15898
312.74478	15863
312.7608	15864
312.77679	15470
312.79282	15494
312.80884	16122
312.82483	15847
312.84085	15565
312.85687	16367
312.87289	16763
312.88889	16728
312.90491	20429
312.92093	20272
312.93692	16891
312.95294	15491
312.96896	15800
312.98499	15465
313.00098	15641
313.017	15667
313.03302	17573
313.04901	16356
313.06503	17779
313.08105	16482
313.09708	15432
313.11307	15578
313.12909	16182
313.14511	15386
313.1611	15507
313.17712	15632
313.19315	15555
313.20917	15573
313.22516	15864
313.24118	15617
313.2572	15314
313.27319	15557
313.28922	15715
313.30524	15747
313.32126	15545
313.33725	15656
313.35327	16394
313.36929	15757
313.38531	15619
313.40131	15482
313.41733	16276
313.43335	16258
313.44934	15873
313.46536	16142
313.48138	16953
313.49741	16500
313.5134	15660
313.52942	15833
313.54544	15623
313.56143	15542
313.57745	15485
313.59348	15934
313.6095	15685
313.62549	15724
313.64151	15743
313.65753	16062
313.67352	15860
313.68954	17926
313.70557	16363
313.72159	15929
313.73758	15917
313.7536	15712
313.76962	16052
313.78561	15742
313.80164	15453
313.81766	15350
313.83368	15391
313.84967	15412
313.86569	15376
313.88171	15660
313.89771	16011
313.91373	15891
313.92975	15593
313.94577	15422
313.96176	15288
313.97778	15599
313.9938	15729
314.0098	15899
314.02582	15902
314.04184	15748
314.05786	15995
314.07385	16041
314.08987	16206
314.1059	16525
314.12192	16087
314.13791	16054
314.15393	16839
314.16995	16264
314.18594	15589
314.20197	16044
314.21799	16115
314.23401	15563
314.25	15844
314.26602	15815
314.28204	15802
314.29803	15412
314.31406	15511
314.33008	15660
314.3461	15744
314.36209	15691
314.37811	16079
314.39413	15394
314.41013	15736
314.42615	15387
314.44217	15441
314.45819	15864
314.47418	15264
314.4902	15296
314.50623	15266
314.52222	15518
314.53824	15483
314.55426	15335
314.57028	15657
314.58627	15364
314.60229	15616
314.61832	15705
314.63431	15763
314.65033	15600
314.66635	15662
314.68237	15768
314.69836	15607
314.71439	15742
314.73041	16275
314.7464	15399
314.76242	15550
314.77844	15812
314.79446	15929
314.81046	15685
314.82648	15963
314.8425	15568
314.85852	15574
314.87451	15296
314.89053	15739
314.90656	15764
314.92255	15759
314.93857	15585
314.95459	15551
314.97061	15780
314.9866	15504
315.00262	15454
315.01865	16022
315.03464	16481
315.05066	15665
315.06668	15851
315.0827	16108
315.09869	16318
315.11472	15490
315.13074	15497
315.14673	15349
315.16275	15482
315.17877	15413
315.19479	15771
315.21078	15851
315.22681	15751
315.24283	15663
315.25882	17029
315.27484	15530
315.29086	15917
315.30688	15712
315.32288	15649
315.3389	16018
315.35492	17531
315.37091	16321
315.38693	16785
315.40295	16209
315.41898	15911
315.43497	15786
315.45099	15929
315.46701	15791
315.483	15642
315.49902	15501
315.51505	16059
315.53107	15775
315.54706	16175
315.56308	15382
315.5791	15331
315.59512	15820
315.61111	15668
315.62714	16286
315.64316	15597
315.65915	15642
315.67517	15724
315.69119	15841
315.70721	16309
315.72321	15836
315.73923	15459
315.75525	16329
315.77124	15458
315.78726	16074
315.80328	15969
315.81931	15483
315.8353	15548
315.85132	15780
315.86734	15805
315.88333	15443
315.89935	16063
315.91537	15457
315.9314	15327
315.94739	15610
315.96341	15963
315.97943	15553
315.99542	15610
316.01144	15710
316.02747	15916
316.04349	15785
316.05948	16234
316.0755	15933
316.09152	15850
316.10751	15441
316.12354	15615
316.13956	15737
316.15558	15951
316.17157	15932
316.18759	15935
316.20361	15459
316.2196	15555
316.23563	15402
316.25165	15385
316.26767	15447
316.28366	16319
316.29968	16056
316.3157	16147
316.33173	16163
316.34772	16063
316.36374	16646
316.37976	15626
316.39575	16365
316.41177	16730
316.4278	17202
316.44382	16267
316.45981	16022
316.47583	16974
316.49185	15821
316.50784	15939
316.52386	18026
316.53989	17242
316.55591	16035
316.5719	16709
316.58792	16073
316.60394	15540
316.61993	15306
316.63596	15307
316.65198	15292
316.668	15418
316.68399	15383
316.70001	15351
