# X_OFFSET: -0.97
510.008	229.5421
510.01886	348.03613
510.02969	438.47098
510.04056	514.81226
510.05139	699.07098
510.06223	1465.1885
510.07309	2268.2893
510.08392	2391.2295
510.09479	1933.9958
510.10562	1449.7891
510.11646	1328.116
510.12732	1305.999
510.13815	1112.8613
510.14902	965.66113
510.15985	1042.974
510.17068	1183.0707
510.18155	1246.079
510.19238	1367.0565
510.20322	2137.7373
510.21408	3848.9473
510.22491	4686.1396
510.23578	4277.1235
510.24661	2210.3091
510.25745	924.42499
510.26831	424.13901
510.27914	402.72906
510.29001	443.07727
510.30084	497.33908
510.31168	728.21118
510.32254	1045.0051
510.33337	1346.8441
510.34424	1640.9073
510.35507	1861.9281
510.36591	1989.0941
510.37677	2231.094
510.3876	2607.6838
510.39844	2638.0303
510.4093	2082.8735
510.42014	1041.0424
510.431	428.37787
510.44183	301.06516
510.45267	338.85172
510.46353	488.56702
510.47437	782.29266
510.48523	1572.4729
510.49606	3252.2415
510.5069	4765.4302
510.51776	5193.2544
510.52859	4147.0752
510.53946	2592.8601
510.55029	1582.1639
510.56113	1340.925
510.57199	1493.8601
510.58282	1497.0521
510.59366	1244.3409
510.60452	861.69812
510.61536	621.41339
510.62622	683.86145
510.63705	904.38342
510.64789	1554.2396
510.65875	2642.0076
510.66959	3039.8484
510.68045	2629.282
510.69128	1710.6609
510.70212	1363.0988
510.71298	1541.0045
510.72382	1784.8624
510.73468	1896.6971
510.74551	2020.0741
510.75635	2068.6343
510.76721	1994.0343
510.77805	2087.6172
510.78888	2809.0415
510.79974	4153.2744
510.81058	4586.168
510.82144	3776.9414
510.83228	1805.637
510.84311	668.29797
510.85397	179.94232
510.86481	149.687
510.87567	163.93375
510.88651	233.46469
510.89734	437.46317
510.9082	667.2428
510.91904	878.33258
510.9299	1018.4731
510.94073	1338.6732
510.95157	2208.2488
510.96243	3287.5667
510.97327	3630.3145
510.9841	2782.9116
510.99496	1339.995
511.0058	336.83334
511.01666	141.15755
511.0275	164.54805
511.03833	263.90567
511.04919	642.81726
511.06003	1686.9957
511.07089	3615.8406
511.08173	4768.0874
511.09256	4674.5342
511.10342	3213.728
511.11426	1953.3196
511.12512	1564.1616
511.13596	1622.1768
511.14679	1490.7776
511.15765	972.22083
511.16849	422.38324
511.17935	166.57515
511.19019	172.44487
511.20102	373.52835
511.21188	944.24133
511.22272	1961.8551
511.23355	2727.8208
511.24442	2502.1919
511.25525	1546.9489
511.26611	722.26453
511.27695	639.54004
511.28778	820.16315
511.29865	875.33362
511.30948	1186.3156
511.32034	1551.5663
511.33118	1902.0587
511.34201	2491.6243
511.35287	3651.1245
511.36371	4490.5874
511.37457	4271.3867
511.38541	2894.5068
511.39624	1312.8713
511.4071	460.0961
511.41794	163.72437
511.42877	235.69279
511.43964	412.24762
511.45047	622.82867
511.46133	831.06116
511.47217	1108.6947
511.483	1597.2197
511.49387	2019.9521
511.5047	2299.4412
511.51556	2910.4692
511.5264	2994.8262
511.53723	2414.3057
511.5481	1215.2952
511.55893	402.66147
511.56979	206.89699
511.58063	287.19339
511.59146	560.30768
511.60233	1331.0691
511.61316	2815.5012
511.62399	4401.5298
511.63486	5079.7793
511.64569	4510.915
511.65656	3031.1978
511.66739	1948.4751
511.67822	1222.7654
511.68909	843.68439
511.69992	439.84421
511.71078	170.88066
511.72162	148.22929
511.73245	196.599
511.74332	401.94885
511.75415	1020.3641
511.76501	2342.9441
511.77585	3226.4561
511.78668	3129.9412
511.79755	2230.1453
511.80838	1605.2004
511.81921	1635.8916
511.83008	1628.8014
511.84091	1190.1332
511.85178	677.55444
511.86261	544.05969
511.87344	1074.6609
511.88431	2366.8679
511.89514	3962.7122
511.90601	4545.0786
511.91684	3936.3928
511.92767	2153.6829
511.93854	1103.6123
511.94937	564.20386
511.96024	593.76776
511.97107	989.10596
511.9819	1481.8121
511.99277	1624.4324
512.0036	1315.4341
512.01447	812.29169
512.02527	668.71924
512.03613	1292.6917
512.047	2427.5898
512.05786	3105.7852
512.06866	2726.0029
512.07953	1678.2419
512.09039	798.97131
512.1012	843.81769
512.11206	1493.8774
512.12292	2191.0278
512.13373	2969.2744
512.14459	4037.0981
512.15546	4604.8647
512.16626	4373.0371
512.17712	2668.0344
512.18799	1339.8838
512.19885	513.2193
512.20966	420.95193
512.22052	445.89731
512.23138	417.42764
512.24219	393.89151
512.25305	561.53503
512.26392	1069.7877
512.27472	2152.2673
512.28558	3590.3547
512.29645	4326.8096
512.30731	3619.9382
512.31812	2014.1884
512.32898	622.58466
512.33984	291.49994
512.35065	399.51422
512.36151	475.12656
512.37238	600.46503
512.38318	1031.2083
512.39404	2598.8462
512.40491	4785.8379
512.41571	5620.1992
512.42657	4930.2788
512.43744	2938.9026
512.4483	1426.8218
512.45911	521.13165
512.46997	284.81339
512.48083	313.45605
512.49164	334.58063
512.5025	316.94067
512.51337	347.88135
512.52417	608.08997
512.53503	1311.0424
512.5459	2662.0828
512.5567	4173.0771
512.56757	4440.0864
512.57843	3297.4719
512.58929	1454.2804
512.6001	540.66229
512.61096	506.42581
512.62183	733.82257
512.63263	1539.8748
512.64349	3426.3237
512.65436	4988.9561
512.66516	5445.1304
512.67603	4158.1475
512.68689	2433.5483
512.69775	1106.0054
512.70856	595.35461
512.71942	514.85791
512.73029	472.32761
512.74109	413.17465
512.75195	511.70038
512.76282	1057.6956
512.77362	2158.6851
512.78448	3460.8748
512.79535	4146.5776
512.80615	3522.8254
512.81702	2130.3054
512.82788	902.23444
512.83875	485.3588
512.84955	493.86353
512.86041	597.10535
512.87128	872.8457
512.88208	1858.0674
512.89294	3416.283
512.90381	4185.9604
512.91461	4140.8247
512.92548	2947.8618
512.93634	2148.7083
512.94714	1594.6886
512.95801	1234.0101
512.96887	873.21448
512.97974	542.36304
512.99054	526.29932
513.0014	926.96326
513.01227	1549.7578
513.02307	2209.811
513.03394	3080.6743
513.0448	3829.0935
513.0556	3570.2896
513.06647	2448.2971
513.07733	906.46051
513.0882	569.84094
513.099	1051.2906
513.10986	2266.6453
513.12073	4002.6218
513.13153	4884.1304
513.1424	4669.1147
513.15326	3262.897
513.16406	1840.2192
513.17493	817.47302
513.18579	480.22116
513.19659	782.12933
513.20746	1285.6693
513.21832	1609.8353
513.22919	1605.4214
513.23999	1688.074
513.25085	2552.4297
513.26172	3645.5156
513.27252	3691.9448
513.28339	2852.1299
513.29425	1784.6924
513.30505	1520.9761
513.31592	1353.7651
513.32678	926.34766
513.33759	898.36035
513.34845	1857.6849
513.35931	3453.991
513.37018	4367.167
513.38098	4614.8203
513.39185	3531.6169
513.40271	2291.2385
513.41351	1009.6025
513.42438	469.32211
513.43524	557.40088
513.44604	1006.5969
513.45691	1428.9406
513.46777	1617.1455
513.47864	1683.8397
513.48944	2388.2986
513.50031	3648.7598
513.51117	4278.5078
513.52197	3768.9321
513.53284	2538.3284
513.5437	1674.989
513.5545	1488.6501
513.56537	1957.9188
513.57623	3370.1594
513.58704	4754.2344
513.5979	5077.9355
513.60876	3977.7676
513.61963	2395.7144
513.63043	1621.3221
513.6413	2071.2126
513.65216	2811.239
513.66296	3181.3269
513.67383	2905.7188
513.68469	2435.5032
513.6955	2135.4915
513.70636	1901.9392
513.71722	1646.5835
513.72809	1424.1437
513.73889	1535.6201
513.74976	1970.2142
513.76062	2507.1111
513.77142	3166.8584
513.78229	4110.6543
513.79315	5279.6587
513.80396	5873.417
513.81482	5804.1221
513.82568	5206.1348
513.83649	4379.2505
513.84735	3812.5847
513.85822	3470.7102
513.86908	3787.7402
513.87988	4559.1602
513.89075	4999.5654
513.90161	4702.2646
513.91241	3823.4312
513.92328	3374.6001
513.93414	3982.1628
513.94495	4206.8594
513.95581	3395.2498
513.96667	1832.3615
513.97748	848.22595
513.98834	1037.0135
513.99921	1937.4272
514.01007	2873.7549
514.02087	3329.947
514.03174	3087.9617
514.0426	2268.9121
514.05341	1270.7506
514.06427	560.73669
514.07513	239.54822
514.08594	273.51279
514.0968	333.99796
514.10767	530.0863
514.11853	1165.9187
514.12933	2896.7251
514.1402	4128.6597
514.15106	3921.3154
514.16187	2272.7332
514.17273	840.85376
514.18359	441.73911
514.1944	730.10754
514.20526	1690.5444
514.21613	2649.8594
514.22693	3094.5239
514.23779	2937.1328
514.24866	2283.9888
514.25952	1568.9708
514.27032	862.95776
514.28119	371.28345
514.29205	243.97514
514.30286	220.28532
514.31372	317.31824
514.32458	744.32324
514.33539	1883.2683
514.34625	3615.665
514.35712	4212.9727
514.36792	3386.0176
514.37878	1604.345
514.38965	799.82642
514.40051	1531.1074
514.41132	2313.6538
514.42218	2987.2261
514.43304	2851.0742
514.44385	2502.939
514.45471	1632.0728
514.46558	884.01178
514.47638	361.88251
514.48724	242.81796
514.49811	314.37787
514.50897	637.46466
514.51978	1758.8923
514.53064	3366.4814
514.5415	4214.5405
514.55231	3589.0134
514.56317	1999.2806
514.57404	768.88654
514.58484	725.09857
514.5957	1446.877
514.60657	2275.1855
514.61737	2768.7432
514.62823	2577.7156
514.6391	2273.5632
514.64996	1610.9159
514.66077	1103.4991
514.67163	424.49887
514.6825	229.23901
514.6933	236.00537
514.70416	429.03201
514.71503	1076.9938
514.72583	2918.4587
514.73669	4300.2622
514.74756	4244.6743
514.75842	2762.2942
514.76923	1502.6698
514.78009	1593.9453
514.79095	2086.8096
514.80176	2486.1313
514.81262	2460.0232
514.82349	2259.5269
514.83429	1790.2102
514.84515	1087.2736
514.85602	520.57281
514.86682	264.61218
514.87769	441.96185
514.88855	1131.1746
514.89941	2647.4751
514.91022	4242.9722
514.92108	4362.7285
514.93195	3042.0244
514.94275	1300.1106
514.95361	843.94128
514.96448	1566.1842
514.97528	1974.5109
514.98615	2386.4729
514.99701	1916.255
515.00781	2027.126
515.01868	1523.5505
515.02954	1142.1622
515.04041	538.52936
515.05121	296.7948
515.06207	386.311
515.07294	901.2475
515.08374	2441.3562
515.0946	4082.1638
515.10547	4571.332
515.11627	3541.7219
515.12714	2226.2813
515.138	1693.4734
515.14886	1820.8302
515.15967	1968.0869
515.17053	1923.2446
515.1814	1911.3909
515.1922	1577.6987
515.20306	1041.3698
515.21393	550.66974
515.22473	418.04755
515.2356	947.16351
515.24646	2331.447
515.25726	4213.5605
515.26813	4741.2539
515.27899	3685.7822
515.28986	1760.5216
515.30066	1374.4066
515.31152	1537.6926
515.32239	1818.8967
515.33319	1683.3168
515.34406	1640.9847
515.35492	1700.379
515.36572	1387.309
515.37659	1062.2688
515.38745	591.46759
515.39825	487.07532
515.40912	1004.6793
515.41998	2560.0955
515.43085	4249.7563
515.44165	4782.9224
515.45251	3959.0999
515.46338	2554.7292
515.47418	1673.4324
515.48505	1511.4186
515.49591	1518.8448
515.50671	1563.983
515.51758	1674.3145
515.52844	1286.7944
515.53931	948.78088
515.55011	628.32898
515.56097	1016.3604
515.57184	2589.4219
515.58264	4488.0117
515.59351	4987.1719
515.60437	3781.1853
515.61517	2267.573
515.62604	1420.162
515.6369	1237.5898
515.64771	1177.4355
515.65857	1233.6516
515.66943	1356.9379
515.6803	1286.25
515.6911	1109.6975
515.70197	882.20172
515.71283	746.62518
515.72363	1412.8608
515.7345	3218.1902
515.74536	4832.2183
515.75616	5100.0688
515.76703	3820.728
515.77789	2002.2462
515.78876	1070.4918
515.79956	976.73999
515.81042	1201.7753
515.82129	1307.8044
515.83209	1274.3665
515.84296	1073.2478
515.85382	1121.314
515.86462	1680.2
515.87549	3670.9241
515.88635	5129.8452
515.89716	5187.8301
515.90802	3417.1563
515.91888	1570.8147
515.92975	696.48792
515.94055	690.16821
515.95142	997.26001
515.96228	1066.6998
515.97308	1006.9861
515.98395	1000.1068
515.99481	1086.5997
516.00562	1463.4552
516.01648	2945.8318
516.02734	4831.6099
516.03815	5500.6235
516.04901	4242.3384
516.05988	2133.2051
516.07074	868.0437
516.08154	784.57605
516.09241	984.52411
516.10327	998.23907
516.11407	1008.3985
516.12494	1186.7373
516.1358	1942.8202
516.14661	3581.3875
516.15747	5234.5317
516.16833	5371.8975
516.1792	3713.6455
516.19	1441.8876
516.20087	476.43054
516.21173	651.03394
516.22253	919.05652
516.2334	866.36523
516.24426	725.95996
516.25507	784.82239
516.26593	1636.4442
516.27679	3546.863
516.2876	5224.9624
516.29846	5405.4482
516.30933	3810.1743
516.32019	1771.6683
516.33099	714.70953
516.34186	695.29639
516.35272	790.42944
516.36353	805.33167
516.37439	1052.3624
516.38525	2201.0852
516.39606	4109.7646
516.40692	5380.0435
516.41779	4939.3135
516.42859	3100.126
516.43945	1255.3704
516.45032	497.39075
516.46118	563.78619
516.47198	766.19006
516.48285	898.37256
516.49371	1097.7316
516.50452	1810.2816
516.51538	3553.5706
516.52625	5086.8394
516.53705	5116.8994
516.54791	3353.822
516.55878	1373.7605
516.56964	623.76666
516.58044	762.16443
516.59131	827.50793
516.60217	1113.9904
516.61298	2347.8242
516.62384	4357.6963
516.6347	5227.3325
516.64551	4326.6528
516.65637	2323.5818
516.66724	984.44519
516.67804	626.57324
516.6889	607.50092
516.69977	702.63953
516.71063	1187.6991
516.72144	2870.5298
516.7323	4548.2544
516.74316	5028.0435
516.75397	3802.7144
516.76483	2026.8485
516.7757	1007.8004
516.7865	832.04932
516.79736	1273.1115
516.80823	2605.0215
516.81909	4476.957
516.8299	5416.8481
516.84076	4674.9917
516.85162	2718.3242
516.86243	1204.022
516.87329	614.78021
516.88416	637.51257
516.89496	1217.5409
516.90582	2857.2761
516.91669	4579.3823
516.92749	4944.3682
516.93835	3551.0432
516.94922	1574.7378
516.96008	637.47559
516.97089	949.22137
516.98175	2450.9849
516.99261	4366.4292
517.00342	5138.7451
517.01428	4090.8459
517.02515	2232.9575
517.03595	1113.8901
517.04681	1059.3572
517.05768	2090.5564
517.06848	3887.9131
517.07935	5105.7646
517.09021	4860.667
517.10107	3330.209
517.11188	2055.2998
517.12274	2243.741
517.13361	3615.9885
517.14441	4905.5557
517.15527	5050.9897
517.16614	3907.4233
517.17694	2563.8406
517.18781	2434.6277
517.19867	3616.8647
517.20953	5047.9487
517.22034	5540.0337
517.2312	4627.8569
517.24207	3756.1357
517.25287	4199.8169
517.26373	5265.231
517.2746	5830.9321
517.2854	4911.3262
517.29626	4224.8979
517.30713	4899.6563
517.31793	5915.1138
517.3288	6463.7866
517.33966	5957.1953
517.35052	6241.3218
517.36133	6758.1255
517.37219	6833.728
517.38306	7113.2788
517.39386	7467.9028
517.40472	8408.6279
517.41559	9089.9141
517.42639	9741.5586
517.43726	11085.577
517.44812	12567.882
517.45892	14890.417
517.46979	16257.488
517.48065	15407.679
517.49152	11751.824
517.50232	6662.5737
517.51318	2716.5715
517.52405	801.87433
517.53485	279.20163
517.54572	244.25803
517.55658	237.01541
517.56738	241.59277
517.57825	264.69946
517.58911	302.12711
517.59998	315.7211
517.61078	284.03458
517.62164	240.64867
517.63251	195.80338
517.64331	150.78581
517.65417	141.0291
517.66504	147.02023
517.67584	152.91127
517.68671	139.87643
517.69757	151.93881
517.70837	144.72073
517.71924	135.58527
517.7301	132.30035
517.74097	136
517.75177	135.75523
517.76263	125.02872
517.7735	125.97491
517.7843	120.32378
517.79517	112.62344
517.80603	103.01602
517.81683	100.26011
517.8277	95.772202
517.83856	110.61588
517.84943	114
517.86023	114.77031
517.87109	121.70841
517.88196	124.72171
517.89276	133.33066
517.90363	128.97357
517.91449	155.96948
517.92529	168.64932
517.93616	154.04291
517.94702	122.0161
517.95782	105.09004
517.96869	106
517.97955	97.539551
517.99042	86.155991
518.00122	84.343605
518.01208	85.578835
518.02295	85.794983
518.03375	94.102585
518.04462	102.14835
518.05548	93.694092
518.06628	90.091583
518.07715	88.837402
518.08801	88.459335
518.09882	85.978508
518.10968	103.40524
518.12054	106.96848
518.13141	117.39753
518.14221	124.60517
518.15308	119.51743
518.16394	98.073067
518.17474	88.969505
518.18561	104.51691
518.19647	118.38428
518.20728	146.71413
518.21814	174.04541
518.229	185.36459
518.23987	167.62872
518.25067	134.67876
518.26154	89.181396
518.2724	86.390198
518.2832	96.886528
518.29407	132.60864
518.30493	158.08376
518.31573	155.47137
518.3266	125.29075
518.33746	93.834419
518.34827	92.541763
518.35913	91.354309
518.37	87.080002
518.38086	87.848991
518.39166	88.407341
518.40253	94.827805
518.41339	98.90937
518.42419	103.76975
518.43506	111.51732
518.44592	109.2021
518.45673	105.82448
518.46759	109.29735
518.47845	110.58897
518.48926	122.88978
518.50012	148.50392
518.51099	152.5079
518.52185	132.0929
518.53265	105.64414
518.54352	90.222649
518.55438	84.524384
518.56519	87.146683
518.57605	84.395439
518.58691	94.171852
518.59772	83.154099
518.60858	90.561783
518.61945	100.73814
518.63031	104.80779
518.64111	93.619514
518.65198	88.482483
518.66284	80.067657
518.67365	82.030647
518.68451	84.973892
518.69537	77.253517
518.70618	112.14471
518.71704	139.94092
518.72791	144.70837
518.73871	126.43653
518.74957	91.284256
518.76044	76.739159
518.7713	71.723633
518.7821	71.795418
518.79297	70.447975
518.80383	78.289284
518.81464	79.532135
518.8255	86.117226
518.83636	88.308151
518.84717	87.330124
518.85803	91.548409
518.8689	89.603828
518.87976	90.03846
518.89056	88.482941
518.90143	87.696838
518.91229	90.088654
518.9231	105.6589
518.93396	142.74696
518.94482	176.17032
518.95563	178.19969
518.96649	141.01041
518.97736	104.47343
518.98816	96.971832
518.99902	90.235146
519.00989	88.639267