306.89999	15471
306.91602	15353
306.93201	15412
306.94803	15378
306.96405	15270
306.98007	15570
306.99606	15551
307.01208	15715
307.02811	15312
307.0441	15221
307.06012	15403
307.07614	15446
307.09216	15681
307.10815	15407
307.12418	15368
307.1402	15417
307.15619	15394
307.17221	15429
307.18823	15414
307.20425	15612
307.22025	15289
307.23627	15221
307.25229	15423
307.26828	15309
307.2843	15338
307.30032	15232
307.31635	15395
307.33234	15218
307.34836	15364
307.36438	15948
307.3804	15222
307.39639	15632
307.41241	15411
307.42844	15387
307.44443	15601
307.46045	15410
307.47647	15397
307.49249	15246
307.50848	15548
307.52451	15344
307.54053	15403
307.55652	15479
307.57254	15521
307.58856	15394
307.60458	15772
307.62057	15240
307.6366	15682
307.65262	15599
307.66861	15237
307.68463	15778
307.70065	15703
307.71667	16432
307.73267	16972
307.74869	16484
307.76471	15667
307.7807	16109
307.79672	16102
307.81274	15807
307.82877	15954
307.84476	17919
307.86078	15666
307.8768	15523
307.89279	15318
307.90881	15345
307.92484	16405
307.94086	15592
307.95685	16259
307.97287	15555
307.98889	15868
308.00488	15986
308.0209	15798
308.03693	16397
308.05295	16868
308.06894	15754
308.08496	16701
308.10098	16209
308.117	17236
308.133	19003
308.14902	16768
308.16504	16825
308.18103	15402
308.19705	15422
308.21307	17118
308.2291	19179
308.24509	15870
308.26111	16177
308.27713	16495
308.29312	15591
308.30914	16084
308.32516	15785
308.34119	15717
308.35718	16241
308.3732	16058
308.38922	15687
308.40521	15988
308.42123	15877
308.43726	15899
308.45328	16164
308.46927	15234
308.48529	15468
308.50131	15334
308.5173	15237
308.53333	16339
308.54935	15391
308.56537	16429
308.58136	15478
308.59738	16103
308.6134	15410
308.62939	15667
308.64542	15635
308.66144	15571
308.67746	15323
308.69345	15402
308.70947	15296
308.72549	15378
308.74149	15907
308.75751	15625
308.77353	16335
308.78955	15655
308.80554	15472
308.82156	15398
308.83759	15596
308.85361	15411
308.8696	15296
308.88562	15293
308.90164	15339
308.91763	15583
308.93365	15884
308.94968	15260
308.9657	15681
308.98169	15544
308.99771	15775
309.01373	15364
309.02972	15843
309.04575	15444
309.06177	16423
309.07779	15233
309.09378	15861
309.1098	15556
309.12582	16222
309.14182	15677
309.15784	15649
309.17386	16288
309.18988	15421
309.20587	15307
309.22189	15347
309.23792	16146
309.25391	15455
309.26993	15426
309.28595	16306
309.30197	16075
309.31796	16206
309.33398	16149
309.35001	15992
309.366	17176
309.38202	16781
309.39804	16177
309.41406	15372
309.43005	15841
309.44608	15755
309.4621	16206
309.47809	18288
309.49411	22340
309.51013	15873
309.52615	19862
309.54214	16347
309.55817	15574
309.57419	15973
309.59021	16036
309.6062	15585
309.62222	15548
309.63824	16636
309.65424	15300
309.67026	17449
309.68628	17622
309.7023	15970
309.71829	15333
309.73431	15809
309.75034	15891
309.76633	15670
309.78235	16407
309.79837	15407
309.81439	16376
309.83038	16645
309.84641	16606
309.86243	15534
309.87842	17414
309.89444	16220
309.91046	15404
309.92648	17093
309.94247	16655
309.9585	15363
309.97452	15595
309.99051	15794
310.00653	15615
310.02255	16376
310.03857	16930
310.05457	16648
310.07059	15283
310.08661	16975
310.1026	15374
310.11862	15660
310.13464	15400
310.15067	15429
310.16666	15244
310.18268	15651
310.1987	15866
310.21469	15321
310.23071	15792
310.24673	15863
310.26276	16196
310.27875	17109
310.29477	19981
310.31079	18837
310.32681	17785
310.3428	23503
310.35883	21049
310.37485	17439
310.39084	16832
310.40686	22884
310.42288	15936
310.4389	18884
310.4549	18248
310.47092	16050
310.48694	17742
310.50293	15264
310.51895	16714
310.53497	18293
310.55099	16260
310.56699	17731
310.58301	19095
310.59903	15613
310.61502	16760
310.63104	17822
310.64706	16707
310.66309	15557
310.67908	15485
310.6951	15645
310.71112	15253
310.72711	16411
310.74313	15860
310.75916	15349
310.77518	16464
310.79117	16132
310.80719	15401
310.82321	15321
310.8392	15608
310.85522	17602
310.87125	16458
310.88727	19052
310.90326	15282
310.91928	16597
310.9353	17899
310.95129	16038
310.96732	16782
310.98334	16788
310.99936	18133
311.01535	16466
311.03137	16482
311.04739	17182
311.06342	15663
311.07941	15738
311.09543	15547
311.11145	15708
311.12744	15285
311.14346	16409
311.15948	15476
311.17551	15830
311.1915	15994
311.20752	20997
311.22354	16511
311.23953	17017
311.25555	15584
311.27158	16604
311.2876	17331
311.30359	18886
311.31961	16592
311.33563	16390
311.35162	15989
311.36765	15546
311.38367	15388
311.39969	15233
311.41568	15508
311.4317	16402
311.44772	16496
311.46371	17816
311.47974	16637
311.49576	17663
311.51178	15752
311.52777	16574
311.54379	17654
311.55981	18464
311.57581	16097
311.59183	16386
311.60785	15256
311.62387	16316
311.63986	17629
311.65588	15766
311.67191	16832
311.6879	16708
311.70392	15632
311.71994	16347
311.73596	16238
311.75195	15900
311.76797	15758
311.784	15748
311.79999	15645
311.81601	15444
311.83203	15742
311.84805	15356
311.86404	15911
311.88007	16380
311.89609	15441
311.91211	18461
311.9281	15401
311.94412	17495
311.96014	17287
311.97614	16063
311.99216	16130
312.00818	16569
312.0242	16689
312.04019	16966
312.05621	15825
312.07224	16954
312.08823	17117
312.10425	16300
312.12027	16478
312.13629	15771
312.15228	16970
312.1683	15506
312.18433	15397
312.20032	16230
312.21634	16343
312.23236	16295
312.24838	16397
312.26437	16125
312.2804	15425
312.29642	15807
312.31241	15917
312.32843	16869
312.34445	15238
312.36047	15757
312.37646	15820
312.39249	15276
312.40851	16122
312.4245	15541
312.44052	16046
312.45654	15240
312.47256	16474
312.48856	16744
312.50458	15519
312.5206	18287
312.53659	18028
312.55261	19448
312.56863	20220
312.58466	15270
312.60065	17510
312.61667	18185
312.63269	15731
312.64871	16927
312.6647	15446
312.68073	15973
312.69675	16005
312.71274	15623
312.72876	15520
312.74478	16644
312.7608	15620
312.77679	15898
312.79282	16267
312.80884	17063
312.82483	16975
312.84085	15530
312.85687	15853
312.87289	15591
312.88889	16021
312.90491	15736
312.92093	15256
312.93692	15254
312.95294	16731
312.96896	16217
312.98499	16052
313.00098	16379
313.017	16263
313.03302	16194
313.04901	16219
313.06503	15746
313.08105	15811
313.09708	19115
313.11307	17002
313.12909	17267
313.14511	16165
313.1611	17079
313.17712	16863
313.19315	15335
313.20917	15269
313.22516	15290
313.24118	15330
313.2572	15950
313.27319	15482
313.28922	16242
313.30524	15667
313.32126	16277
313.33725	16312
313.35327	16628
313.36929	15881
313.38531	15718
313.40131	16505
313.41733	15256
313.43335	15550
313.44934	16524
313.46536	15707
313.48138	15248
313.49741	15475
313.5134	16027
313.52942	16668
313.54544	16152
313.56143	15247
313.57745	17253
313.59348	15865
313.6095	18818
313.62549	17577
313.64151	15956
313.65753	16707
313.67352	16018
313.68954	16105
313.70557	16425
313.72159	17373
313.73758	17412
313.7536	15404
313.76962	16505
313.78561	16823
313.80164	16606
313.81766	16301
313.83368	16395
313.84967	15241
313.86569	15430
313.88171	15338
313.89771	15272
313.91373	16213
313.92975	16157
313.94577	16762
313.96176	15869
313.97778	16091
313.9938	16965
314.0098	15329
314.02582	16391
314.04184	16639
314.05786	16711
314.07385	16534
314.08987	15787
314.1059	15990
314.12192	16811
314.13791	16312
314.15393	17851
314.16995	17495
314.18594	15796
314.20197	16809
314.21799	17006
314.23401	15252
314.25	16416
314.26602	16658
314.28204	16498
314.29803	15271
314.31406	16442
314.33008	15366
314.3461	17293
314.36209	16557
314.37811	15290
314.39413	16641
314.41013	17019
314.42615	17264
314.44217	17410
314.45819	16373
314.47418	15839
314.4902	16841
314.50623	15598
314.52222	15253
314.53824	16592
314.55426	15588
314.57028	17030
314.58627	15343
314.60229	17628
314.61832	17135
314.63431	15804
314.65033	16288
314.66635	15415
314.68237	16667
314.69836	16037
314.71439	16206
314.73041	16374
314.7464	18721
314.76242	15259
314.77844	17429
314.79446	17299
314.81046	17468
314.82648	16981
314.8425	17900
314.85852	18298
314.87451	18400
314.89053	16334
314.90656	18007
314.92255	15252
314.93857	15243
314.95459	16452
314.97061	15233
314.9866	16000
315.00262	15686
315.01865	15255
315.03464	15530
315.05066	15602
315.06668	15233
315.0827	15244
315.09869	16629
315.11472	15867
315.13074	16384
315.14673	15409
315.16275	15878
315.17877	16149
315.19479	15969
315.21078	16685
315.22681	15631
315.24283	16449
315.25882	16590
315.27484	15239
315.29086	15238
315.30688	16423
315.32288	16107
315.3389	16692
315.35492	15324
315.37091	16726
315.38693	16205
315.40295	16722
315.41898	17900
315.43497	16445
315.45099	15595
315.46701	16800
315.483	15551
315.49902	15337
315.51505	15933
315.53107	17036
315.54706	16158
315.56308	15830
315.5791	15804
315.59512	16170
315.61111	17404
315.62714	16177
315.64316	16284
315.65915	15432
315.67517	16364
315.69119	16869
315.70721	17883
315.72321	15790
315.73923	17366
315.75525	16424
315.77124	17545
315.78726	15674
315.80328	16009
315.81931	17023
315.8353	17606
315.85132	17293
315.86734	16654
315.88333	16313
315.89935	16012
315.91537	15231
315.9314	16535
315.94739	15691
315.96341	15251
315.97943	15697
315.99542	16782
316.01144	17438
316.02747	16999
316.04349	16047
316.05948	16273
316.0755	16809
316.09152	16698
316.10751	18201
316.12354	15325
316.13956	17474
316.15558	17127
316.17157	17383
316.18759	15241
316.20361	16821
316.2196	18039
316.23563	16320
316.25165	17217
316.26767	15280
316.28366	17045
316.29968	17766
316.3157	15793
316.33173	17810
316.34772	16593
316.36374	16496
316.37976	17301
316.39575	17173
316.41177	15606
316.4278	17689
316.44382	17257
316.45981	17242
316.47583	16267
316.49185	16278
316.50784	16769
316.52386	17292
316.53989	17507
316.55591	15684
316.5719	18398
316.58792	15865
316.60394	15242
316.61993	16679
316.63596	16263
316.65198	17143
316.668	15568
316.68399	17938
316.70001	16046
