306.89999	15301
306.91602	15250
306.93201	15735
306.94803	15365
306.96405	15432
306.98007	15372
306.99606	15300
307.01208	15499
307.02811	15647
307.0441	15537
307.06012	15536
307.07614	15482
307.09216	15427
307.10815	15253
307.12418	15590
307.1402	15266
307.15619	15266
307.17221	15604
307.18823	15258
307.20425	15416
307.22025	15344
307.23627	15452
307.25229	15564
307.26828	15376
307.2843	15448
307.30032	15480
307.31635	15284
307.33234	15354
307.34836	15381
307.36438	15322
307.3804	15315
307.39639	15276
307.41241	15442
307.42844	15378
307.44443	15583
307.46045	15508
307.47647	15326
307.49249	15401
307.50848	15357
307.52451	15350
307.54053	15546
307.55652	15357
307.57254	15381
307.58856	15285
307.60458	15281
307.62057	15552
307.6366	15285
307.65262	16313
307.66861	15324
307.68463	16581
307.70065	16663
307.71667	15424
307.73267	18359
307.74869	16272
307.76471	16432
307.7807	15451
307.79672	17663
307.81274	18448
307.82877	16314
307.84476	15285
307.86078	15857
307.8768	15783
307.89279	16821
307.90881	15646
307.92484	15495
307.94086	16219
307.95685	15391
307.97287	15461
307.98889	16378
308.00488	15864
308.0209	15593
308.03693	15915
308.05295	16004
308.06894	15698
308.08496	16628
308.10098	17533
308.117	15412
308.133	16187
308.14902	15543
308.16504	15661
308.18103	16217
308.19705	16472
308.21307	15271
308.2291	18570
308.24509	16419
308.26111	15362
308.27713	15352
308.29312	15955
308.30914	15991
308.32516	15263
308.34119	16551
308.35718	15569
308.3732	16954
308.38922	15579
308.40521	16465
308.42123	16564
308.43726	15639
308.45328	15651
308.46927	15594
308.48529	15788
308.50131	16828
308.5173	16028
308.53333	16232
308.54935	17303
308.56537	15767
308.58136	15710
308.59738	15303
308.6134	15475
308.62939	15481
308.64542	15316
308.66144	15273
308.67746	15234
308.69345	16197
308.70947	15678
308.72549	15252
308.74149	15225
308.75751	15240
308.77353	17415
308.78955	15856
308.80554	15700
308.82156	15653
308.83759	15273
308.85361	15695
308.8696	15548
308.88562	15408
308.90164	15290
308.91763	15719
308.93365	15608
308.94968	15366
308.9657	15431
308.98169	15331
308.99771	15521
309.01373	16114
309.02972	15831
309.04575	16137
309.06177	15465
309.07779	15818
309.09378	15864
309.1098	15886
309.12582	15670
309.14182	15467
309.15784	15260
309.17386	15658
309.18988	15915
309.20587	16513
309.22189	16554
309.23792	15593
309.25391	15895
309.26993	16198
309.28595	17565
309.30197	15307
309.31796	16687
309.33398	15741
309.35001	15583
309.366	15540
309.38202	16478
309.39804	15432
309.41406	15232
309.43005	15510
309.44608	16102
309.4621	17847
309.47809	16357
309.49411	15985
309.51013	16627
309.52615	19292
309.54214	15920
309.55817	15791
309.57419	15928
309.59021	15938
309.6062	15861
309.62222	16172
309.63824	16026
309.65424	16296
309.67026	15945
309.68628	18713
309.7023	16061
309.71829	16522
309.73431	15595
309.75034	15424
309.76633	15492
309.78235	16418
309.79837	15813
309.81439	15691
309.83038	17052
309.84641	24002
309.86243	24256
309.87842	16277
309.89444	16373
309.91046	16021
309.92648	15858
309.94247	16863
309.9585	15930
309.97452	16316
309.99051	16042
310.00653	17431
310.02255	15810
310.03857	16100
310.05457	15895
310.07059	17406
310.08661	17070
310.1026	17393
310.11862	15423
310.13464	15346
310.15067	15784
310.16666	15904
310.18268	15427
310.1987	15230
310.21469	15384
310.23071	15645
310.24673	15392
310.26276	15828
310.27875	16609
310.29477	17604
310.31079	16106
310.32681	18448
310.3428	18449
310.35883	15998
310.37485	16199
310.39084	20231
310.40686	16776
310.42288	16414
310.4389	16639
310.4549	18601
310.47092	15532
310.48694	18709
310.50293	16850
310.51895	16441
310.53497	16249
310.55099	17279
310.56699	16284
310.58301	17079
310.59903	17945
310.61502	15799
310.63104	17163
310.64706	17550
310.66309	16349
310.67908	16521
310.6951	16498
310.71112	15740
310.72711	15775
310.74313	16028
310.75916	16338
310.77518	17152
310.79117	15471
310.80719	17181
310.82321	16523
310.8392	17636
310.85522	17333
310.87125	16524
310.88727	16099
310.90326	15407
310.91928	15538
310.9353	17383
310.95129	17520
310.96732	16021
310.98334	18183
310.99936	17077
311.01535	17762
311.03137	19857
311.04739	15927
311.06342	15670
311.07941	16017
311.09543	15353
311.11145	15434
311.12744	15582
311.14346	15341
311.15948	17234
311.17551	15764
311.1915	15704
311.20752	16696
311.22354	16204
311.23953	19364
311.25555	17029
311.27158	16299
311.2876	18147
311.30359	16019
311.31961	17846
311.33563	16234
311.35162	15347
311.36765	15867
311.38367	15694
311.39969	15807
311.41568	17555
311.4317	17240
311.44772	15852
311.46371	17518
311.47974	15600
311.49576	15242
311.51178	16267
311.52777	17632
311.54379	18787
311.55981	16437
311.57581	17967
311.59183	16537
311.60785	16615
311.62387	15874
311.63986	16898
311.65588	15662
311.67191	15685
311.6879	16366
311.70392	17265
311.71994	16150
311.73596	16159
311.75195	15223
311.76797	15223
311.784	15353
311.79999	15918
311.81601	15992
311.83203	15471
311.84805	15644
311.86404	17297
311.88007	15994
311.89609	16526
311.91211	16094
311.9281	16275
311.94412	15551
311.96014	16143
311.97614	15325
311.99216	15548
312.00818	17751
312.0242	17153
312.04019	16953
312.05621	15253
312.07224	17004
312.08823	17759
312.10425	17303
312.12027	16617
312.13629	15687
312.15228	15963
312.1683	15286
312.18433	15681
312.20032	15621
312.21634	16451
312.23236	15808
312.24838	15910
312.26437	16733
312.2804	18442
312.29642	18468
312.31241	15357
312.32843	15570
312.34445	15959
312.36047	17118
312.37646	16880
312.39249	15765
312.40851	17049
312.4245	16018
312.44052	15422
312.45654	16271
312.47256	16396
312.48856	17118
312.50458	15691
312.5206	17761
312.53659	18154
312.55261	20326
312.56863	17091
312.58466	18836
312.60065	18178
312.61667	16850
312.63269	16953
312.64871	16307
312.6647	15405
312.68073	16569
312.69675	15651
312.71274	16451
312.72876	15520
312.74478	15372
312.7608	15615
312.77679	16479
312.79282	15399
312.80884	19078
312.82483	15523
312.84085	16302
312.85687	17087
312.87289	15767
312.88889	15390
312.90491	15221
312.92093	16933
312.93692	16520
312.95294	15786
312.96896	15258
312.98499	16518
313.00098	15961
313.017	15242
313.03302	15572
313.04901	17336
313.06503	18564
313.08105	15409
313.09708	15241
313.11307	16208
313.12909	21129
313.14511	17938
313.1611	15283
313.17712	15728
313.19315	16194
313.20917	15345
313.22516	15318
313.24118	16040
313.2572	15836
313.27319	16416
313.28922	16184
313.30524	15838
313.32126	16142
313.33725	15365
313.35327	16155
313.36929	15952
313.38531	15822
313.40131	15273
313.41733	16167
313.43335	16492
313.44934	16126
313.46536	15341
313.48138	15808
313.49741	15514
313.5134	15356
313.52942	17775
313.54544	16502
313.56143	16601
313.57745	15779
313.59348	17975
313.6095	16200
313.62549	16678
313.64151	16542
313.65753	16483
313.67352	16672
313.68954	16880
313.70557	17364
313.72159	15683
313.73758	16553
313.7536	16420
313.76962	16566
313.78561	16719
313.80164	16553
313.81766	15565
313.83368	16356
313.84967	16313
313.86569	16792
313.88171	16379
313.89771	15972
313.91373	15266
313.92975	16164
313.94577	15302
313.96176	15765
313.97778	16309
313.9938	15881
314.0098	16717
314.02582	16819
314.04184	16122
314.05786	16396
314.07385	15295
314.08987	16091
314.1059	15456
314.12192	16788
314.13791	15753
314.15393	17683
314.16995	15448
314.18594	15836
314.20197	16640
314.21799	16910
314.23401	15539
314.25	16010
314.26602	15231
314.28204	15681
314.29803	17242
314.31406	17595
314.33008	15854
314.3461	17863
314.36209	16753
314.37811	18050
314.39413	17096
314.41013	15261
314.42615	15829
314.44217	16161
314.45819	16565
314.47418	16405
314.4902	16677
314.50623	15763
314.52222	15268
314.53824	16260
314.55426	16243
314.57028	15797
314.58627	15654
314.60229	15732
314.61832	16035
314.63431	15530
314.65033	15994
314.66635	15942
314.68237	16751
314.69836	16899
314.71439	17543
314.73041	17243
314.7464	16835
314.76242	17743
314.77844	17938
314.79446	17258
314.81046	15851
314.82648	15399
314.8425	15900
314.85852	18570
314.87451	21499
314.89053	15232
314.90656	17872
314.92255	17997
314.93857	15699
314.95459	16034
314.97061	16451
314.9866	15665
315.00262	16106
315.01865	16853
315.03464	16299
315.05066	16177
315.06668	17111
315.0827	17383
315.09869	15852
315.11472	16441
315.13074	16546
315.14673	15595
315.16275	16543
315.17877	17093
315.19479	15377
315.21078	16444
315.22681	16428
315.24283	16069
315.25882	17578
315.27484	16304
315.29086	15426
315.30688	15959
315.32288	16660
315.3389	15811
315.35492	15827
315.37091	15378
315.38693	16641
315.40295	15539
315.41898	17199
315.43497	16178
315.45099	17852
315.46701	15610
315.483	15583
315.49902	16721
315.51505	15542
315.53107	16459
315.54706	15832
315.56308	15840
315.5791	15272
315.59512	16676
315.61111	15934
315.62714	15927
315.64316	16493
315.65915	15784
315.67517	15623
315.69119	17100
315.70721	16134
315.72321	15262
315.73923	15259
315.75525	16786
315.77124	15298
315.78726	16592
315.80328	15792
315.81931	16773
315.8353	16158
315.85132	15974
315.86734	16948
315.88333	15558
315.89935	15329
315.91537	15241
315.9314	15755
315.94739	16679
315.96341	17479
315.97943	16635
315.99542	16000
316.01144	15408
316.02747	16772
316.04349	17366
316.05948	15369
316.0755	15823
316.09152	16450
316.10751	16914
316.12354	15784
316.13956	15602
316.15558	17218
316.17157	15250
316.18759	17264
316.20361	16943
316.2196	15612
316.23563	15767
316.25165	17151
316.26767	16747
316.28366	16921
316.29968	16099
316.3157	16443
316.33173	16199
316.34772	16180
316.36374	17606
316.37976	15846
316.39575	17615
316.41177	15481
316.4278	15693
316.44382	15798
316.45981	15355
316.47583	15251
316.49185	16571
316.50784	15239
316.52386	16889
316.53989	15320
316.55591	17050
316.5719	15704
316.58792	15639
316.60394	17359
316.61993	15236
316.63596	18000
316.65198	17349
316.668	17007
316.68399	18738
316.70001	16610
