# X_OFFSET: -0.97
510.008	33.716396
510.01886	47.737175
510.02969	59.930748
510.04056	59.447075
510.05139	88.739494
510.06223	179.57123
510.07309	262.09384
510.08392	280.56567
510.09479	233.88269
510.10562	178.61562
510.11646	166.67545
510.12732	163.66649
510.13815	136.07855
510.14902	116.39833
510.15985	126.2256
510.17068	142.63383
510.18155	152.80971
510.19238	176.24936
510.20322	286.06018
510.21408	517.18066
510.22491	614.37927
510.23578	554.65625
510.24661	292.87866
510.25745	115.71496
510.26831	49.927914
510.27914	49.297176
510.29001	54.031929
510.30084	63.445538
510.31168	89.71373
510.32254	133.48903
510.33337	172.30368
510.34424	208.43373
510.35507	230.13541
510.36591	234.29865
510.37677	265.77075
510.3876	314.08182
510.39844	307.91922
510.4093	251.2979
510.42014	122.26659
510.431	57.927258
510.44183	40.009773
510.45267	45.677761
510.46353	70.147331
510.47437	109.951
510.48523	206.72456
510.49606	416.39658
510.5069	628.79095
510.51776	685.07831
510.52859	544.92047
510.53946	341.44562
510.55029	204.4044
510.56113	167.90919
510.57199	183.80286
510.58282	180.85117
510.59366	154.58907
510.60452	108.15228
510.61536	71.075752
510.62622	85.810577
510.63705	116.22727
510.64789	190.11763
510.65875	321.79678
510.66959	367.15283
510.68045	319.74362
510.69128	214.96417
510.70212	172.77826
510.71298	200.53728
510.72382	225.02824
510.73468	239.04395
510.74551	258.31046
510.75635	255.72064
510.76721	240.22495
510.77805	265.85223
510.78888	376.41986
510.79974	555.13269
510.81058	608.68536
510.82144	494.20038
510.83228	240.47116
510.84311	79.345184
510.85397	19.604591
510.86481	20.875038
510.87567	22.770416
510.88651	37.159256
510.89734	65.759361
510.9082	86.108971
510.91904	109.25107
510.9299	129.84944
510.94073	172.99469
510.95157	272.6647
510.96243	397.56042
510.97327	440.47772
510.9841	336.4111
510.99496	159.38185
511.0058	39.131351
511.01666	17.578552
511.0275	32.423733
511.03833	44.129391
511.04919	87.11087
511.06003	231.06427
511.07089	487.80148
511.08173	648.48615
511.09256	614.89368
511.10342	412.24362
511.11426	249.45103
511.12512	199.17825
511.13596	200.43086
511.14679	182.08289
511.15765	121.54496
511.16849	56.533096
511.17935	24.608229
511.19019	27.145912
511.20102	53.826111
511.21188	117.5662
511.22272	238.40846
511.23355	330.14764
511.24442	297.36066
511.25525	186.96375
511.26611	87.811348
511.27695	82.106209
511.28778	108.95271
511.29865	110.12056
511.30948	153.14241
511.32034	199.33464
511.33118	235.46021
511.34201	314.12112
511.35287	478.85501
511.36371	593.90002
511.37457	563.1781
511.38541	382.03729
511.39624	178.21544
511.4071	67.528366
511.41794	24.60541
511.42877	34.659641
511.43964	53.505272
511.45047	80.712662
511.46133	107.74112
511.47217	145.79933
511.483	206.3615
511.49387	257.65936
511.5047	295.10071
511.51556	360.18768
511.5264	368.17389
511.53723	290.36703
511.5481	158.29056
511.55893	56.09016
511.56979	26.373001
511.58063	41.007786
511.59146	76.262512
511.60233	179.20377
511.61316	377.11258
511.62399	581.98608
511.63486	673.41821
511.64569	598.20923
511.65656	392.85516
511.66739	240.37677
511.67822	152.82182
511.68909	95.222054
511.69992	52.3853
511.71078	34.327679
511.72162	21.841101
511.73245	28.971266
511.74332	44.210632
511.75415	132.91931
511.76501	288.28815
511.77585	404.6156
511.78668	387.90991
511.79755	276.88153
511.80838	204.34961
511.81921	202.37718
511.83008	197.39955
511.84091	147.82707
511.85178	86.301857
511.86261	71.094025
511.87344	144.81883
511.88431	314.45331
511.89514	520.50885
511.90601	597.50281
511.91684	519.44781
511.92767	282.79099
511.93854	146.52954
511.94937	74.456665
511.96024	78.369034
511.97107	126.56086
511.9819	191.49747
511.99277	203.68169
512.0036	156.39305
512.01447	101.5389
512.02527	87.764847
512.03613	160.47202
512.047	297.28076
512.05786	379
512.06866	333.07297
512.07953	209.12393
512.09039	103.94109
512.1012	110.60237
512.11206	197.26549
512.12292	287.16461
512.13373	386.24316
512.14459	535.37878
512.15546	617.98273
512.16626	588.40802
512.17712	354.06839
512.18799	179.29401
512.19885	65.664291
512.20966	55.730507
512.22052	59
512.23138	53.62598
512.24219	57.237312
512.25305	78.888245
512.26392	139.12776
512.27472	271.67764
512.28558	451.71072
512.29645	541.55731
512.30731	443.73059
512.31812	242.97545
512.32898	72.098824
512.33984	36.27684
512.35065	62.535229
512.36151	71.541367
512.37238	79.822701
512.38318	143.96999
512.39404	344.58176
512.40491	631.55768
512.41571	739.10242
512.42657	657.70093
512.43744	385.26373
512.4483	186.77888
512.45911	70.236885
512.46997	36.077991
512.48083	43.344028
512.49164	49
512.5025	44.488392
512.51337	44.109596
512.52417	79.484573
512.53503	173.04906
512.5459	332.33102
512.5567	509.26074
512.56757	539.70435
512.57843	404.64542
512.58929	178.88364
512.6001	73.291801
512.61096	67.701279
512.62183	104.80786
512.63263	209.40593
512.64349	464.63562
512.65436	680.15796
512.66516	735.45422
512.67603	550.69318
512.68689	325.79181
512.69775	142.06613
512.70856	76.164703
512.71942	65.722176
512.73029	58.207699
512.74109	51.520378
512.75195	66.000053
512.76282	134.27328
512.77362	268.10294
512.78448	431.95602
512.79535	520.77625
512.80615	441.73318
512.81702	268.16211
512.82788	105.87847
512.83875	60.98671
512.84955	71
512.86041	71.019684
512.87128	122.5421
512.88208	249.81091
512.89294	459.53021
512.90381	564.77405
512.91461	565.45953
512.92548	403.54327
512.93634	279.29419
512.94714	203.98856
512.95801	164.04118
512.96887	115.24206
512.97974	68.220482
512.99054	65.537415
513.0014	115.67286
513.01227	197.2511
513.02307	283.70413
513.03394	391.70886
513.0448	487.80569
513.0556	435.69034
513.06647	296.6037
513.07733	116.26633
513.0882	80.859657
513.099	138.03294
513.10986	305.37134
513.12073	537.75879
513.13153	635.79181
513.1424	622.35754
513.15326	436.46683
513.16406	246.00832
513.17493	110.53177
513.18579	64.262756
513.19659	97.83741
513.20746	159.39496
513.21832	205.89919
513.22919	209.55544
513.23999	218.74948
513.25085	325.46393
513.26172	456.26404
513.27252	456.33902
513.28339	359.38956
513.29425	229.77216
513.30505	190.57452
513.31592	182.26543
513.32678	121.36086
513.33759	123.7319
513.34845	244.83618
513.35931	458.31808
513.37018	583.38635
513.38098	623.09961
513.39185	471.73303
513.40271	300.78119
513.41351	133.82112
513.42438	64.895027
513.43524	76.307091
513.44604	132.0649
513.45691	187.00862
513.46777	208.64203
513.47864	208.48381
513.48944	296.89673
513.50031	457.41141
513.51117	536.5177
513.52197	485.14926
513.53284	329.36172
513.5437	205.23163
513.5545	196.08253
513.56537	261.70239
513.57623	458.33786
513.58704	629.47546
513.5979	673.27582
513.60876	530.3595
513.61963	305.75098
513.63043	216.35301
513.6413	260.3472
513.65216	358.47943
513.66296	402.16263
513.67383	370.22501
513.68469	304.03732
513.6955	278.02151
513.70636	249.88628
513.71722	213.15166
513.72809	189.40253
513.73889	205.39839
513.74976	254.98457
513.76062	324.44849
513.77142	415.4472
513.78229	536.88
513.79315	697.50446
513.80396	789.76208
513.81482	773.15552
513.82568	712.97656
513.83649	592.09277
513.84735	517.39886
513.85822	455.62521
513.86908	493.22427
513.87988	592.63904
513.89075	666.74933
513.90161	620.30499
513.91241	504.54916
513.92328	431.40057
513.93414	507.01132
513.94495	534.57031
513.95581	430.55908
513.96667	230.59149
513.97748	113.45441
513.98834	140.97246
513.99921	255.24983
514.01007	386.67218
514.02087	457.84741
514.03174	420.7095
514.0426	307.30341
514.05341	181.99568
514.06427	80.29261
514.07513	37.287338
514.08594	43.149395
514.0968	38.347801
514.10767	67.120522
514.11853	158.17484
514.12933	361.51645
514.1402	521.74469
514.15106	488.92264
514.16187	281.67166
514.17273	111.46637
514.18359	59.979954
514.1944	97.938438
514.20526	228.47264
514.21613	358.61209
514.22693	417.31531
514.23779	394.79022
514.24866	306.897
514.25952	213.54996
514.27032	119.09428
514.28119	49.942516
514.29205	26.70566
514.30286	26.349794
514.31372	49.75177
514.32458	100.78347
514.33539	248.20523
514.34625	464.09238
514.35712	537.86743
514.36792	431.40469
514.37878	205.24315
514.38965	120.02451
514.40051	211.90495
514.41132	307.07953
514.42218	391.51837
514.43304	386.71161
514.44385	324.30002
514.45471	216.65298
514.46558	123.37495
514.47638	43.966736
514.48724	36.637493
514.49811	45.825191
514.50897	88.937973
514.51978	223.90645
514.53064	425.00104
514.5415	539.00153
514.55231	457.08469
514.56317	254.10336
514.57404	104.65401
514.58484	97.916222
514.5957	193.3795
514.60657	312.28802
514.61737	371.56378
514.62823	345.80026
514.6391	310.17935
514.64996	221.41205
514.66077	146.60684
514.67163	62.64912
514.6825	32.965855
514.6933	31.999231
514.70416	64.652184
514.71503	137.82663
514.72583	372.62418
514.73669	549.42181
514.74756	545.3056
514.75842	358.0264
514.76923	194.1441
514.78009	208.87663
514.79095	283.7197
514.80176	339.18881
514.81262	336.53568
514.82349	310.50385
514.83429	242.58786
514.84515	150.677
514.85602	78.425323
514.86682	37.190914
514.87769	62.447216
514.88855	155.99788
514.89941	343.09766
514.91022	551.19098
514.92108	560.05011
514.93195	389.33469
514.94275	164.2057
514.95361	115.10562
514.96448	217.64737
514.97528	270.61749
514.98615	328.50436
514.99701	260.36893
515.00781	274.45474
515.01868	202.99266
515.02954	161.74727
515.04041	78.623627
515.05121	32.256035
515.06207	53.296051
515.07294	128.093
515.08374	312.32147
515.0946	518.18939
515.10547	584.58594
515.11627	463.37173
515.12714	301.07391
515.138	233.11946
515.14886	247.29245
515.15967	264.12695
515.17053	261.46164
515.1814	259.26486
515.1922	216.47375
515.20306	140.18219
515.21393	74.248215
515.22473	57.4757
515.2356	126.25187
515.24646	312.17166
515.25726	551.94739
515.26813	608.75653
515.27899	478.6199
515.28986	220.56538
515.30066	180.0686
515.31152	211.48093
515.32239	232.40178
515.33319	228.31355
515.34406	215.77869
515.35492	225.27579
515.36572	182.34456
515.37659	140.04356
515.38745	74.966049
515.39825	60.118
515.40912	125.85751
515.41998	320.59546
515.43085	544.68488
515.44165	621.12665
515.45251	512.09412
515.46338	335.07605
515.47418	229.72646
515.48505	204.20543
515.49591	201.97083
515.50671	217.69867
515.51758	218.13667
515.52844	170.40094
515.53931	122.40549
515.55011	89.211739
515.56097	130.00714
515.57184	328.42288
515.58264	580.6944
515.59351	664.69232
515.60437	499.4668
515.61517	303.66388
515.62604	197.82889
515.6369	171.52809
515.64771	163.22314
515.65857	166.7459
515.66943	183.13397
515.6803	171.38446
515.6911	149.0865
515.70197	118.92514
515.71283	101.37502
515.72363	184.24422
515.7345	416.49326
515.74536	632.84406
515.75616	671.82538
515.76703	494.57648
515.77789	254.65506
515.78876	147.29466
515.79956	137.22664
515.81042	159.21877
515.82129	168.58833
515.83209	167.1474
515.84296	145.09512
515.85382	155.46594
515.86462	224.69421
515.87549	480.96991
515.88635	684.13519
515.89716	683.48248
515.90802	455.31088
515.91888	213.76956
515.92975	101.08657
515.94055	96.921341
515.95142	135.14339
515.96228	140
515.97308	140.82297
515.98395	138.63109
515.99481	148.57497
516.00562	196.95065
516.01648	377.36426
516.02734	634.22247
516.03815	729.37634
516.04901	557.74139
516.05988	283.61478
516.07074	119.95355
516.08154	108.72133
516.09241	137.31552
516.10327	136.5507
516.11407	135.99971
516.12494	157.72452
516.1358	252.30911
516.14661	472.62256
516.15747	694.81567
516.16833	715.31305
516.1792	497.04852
516.19	197.6553
516.20087	63.556057
516.21173	83.332314
516.22253	119.15774
516.2334	119.83443
516.24426	95.204582
516.25507	107.74904
516.26593	221.32906
516.27679	467.59985
516.2876	687.21729
516.29846	723.11743
516.30933	512.87506
516.32019	240.68054
516.33099	97.951729
516.34186	90.951942
516.35272	104.98434
516.36353	109.33157
516.37439	145.55745
516.38525	293.24902
516.39606	545.27258
516.40692	712.77014
516.41779	651.48291
516.42859	413.38654
516.43945	172.65279
516.45032	68.231789
516.46118	74.981712
516.47198	107.22749
516.48285	133.61366
516.49371	151.0549
516.50452	238.56833
516.51538	462.02863
516.52625	673.4953
516.53705	682.62793
516.54791	448.60361
516.55878	192.47754
516.56964	83.921089
516.58044	106.56142
516.59131	117.81075
516.60217	153.50049
516.61298	306.41003
516.62384	582.5686
516.6347	693.05402
516.64551	573.84729
516.65637	318.78558
516.66724	139.6709
516.67804	85.4076
516.6889	85.000336
516.69977	101.34233
516.71063	166.73102
516.72144	382.06122
516.7323	597.53882
516.74316	668.1991
516.75397	511.53195
516.76483	273.86353
516.7757	133.75023
516.7865	108.90738
516.79736	170.14969
516.80823	346.45065
516.81909	587.42413
516.8299	715.24048
516.84076	633.09003
516.85162	366.69333
516.86243	160.37456
516.87329	79.213974
516.88416	95.113586
516.89496	164.28079
516.90582	364.71857
516.91669	608.21716
516.92749	671.32184
516.93835	485.06812
516.94922	222.07297
516.96008	90.585587
516.97089	131.37476
516.98175	329.87732
516.99261	573.51135
517.00342	694.36237
517.01428	569.58136
517.02515	304.58856
517.03595	150.15096
517.04681	150.80231
517.05768	280.71967
517.06848	511.37906
517.07935	697.8858
517.09021	660.39899
517.10107	451.6395
517.11188	279.88275
517.12274	297.77939
517.13361	482.0481
517.14441	656.26013
517.15527	685.99902
517.16614	539.5119
517.17694	349.40543
517.18781	326.55038
517.19867	487.17261
517.20953	685.62793
517.22034	754.5777
517.2312	631.81659
517.24207	517.41858
517.25287	567.76764
517.26373	715.41101
517.2746	795.11774
517.2854	666.80365
517.29626	572.63531
517.30713	668.05273
517.31793	802.06793
517.3288	887.23322
517.33966	840.62982
517.35052	860.17395
517.36133	928.17438
517.37219	946.14423
517.38306	987.52087
517.39386	1043.6234
517.40472	1183.6191
517.41559	1285.4192
517.42639	1390.63
517.43726	1585.6749
517.44812	1830.0325
517.45892	2222.0337
517.46979	2459.0745
517.48065	2318.2864
517.49152	1740.1136
517.50232	959.82422
517.51318	390.66562
517.52405	117.90417
517.53485	46.36108
517.54572	43.776634
517.55658	37.507702
517.56738	35.135742
517.57825	37.394592
517.58911	42.17297
517.59998	40.226757
517.61078	35.029369
517.62164	29.335135
517.63251	30.457914
517.64331	25.033381
517.65417	19.228178
517.66504	18.161629
517.67584	21.182255
517.68671	19.61799
517.69757	25.635614
517.70837	19.023413
517.71924	25.688944
517.7301	22.849823
517.74097	21.204544
517.75177	24.732988
517.76263	13.031329
517.7735	13
517.7843	14.892076
517.79517	14.07793
517.80603	12.203204
517.81683	18.959572
517.8277	21.69112
517.83856	22.821888
517.84943	15.017831
517.86023	21.47344
517.87109	22.509241
517.88196	16.948048
517.89276	23.330656
517.90363	23.655653
517.91449	19.419209
517.92529	24.836788
517.93616	24.217161
517.94702	15.289548
517.95782	11
517.96869	8.9146204
517.97955	13.469753
517.99042	16.207987
518.00122	16.030823
518.01208	18.473017
518.02295	17.384953
518.03375	17.635616
518.04462	14.100893
518.05548	18.652954
518.06628	17.274752
518.07715	11.279134
518.08801	15.556926
518.09882	23.058153
518.10968	13.202624
518.12054	15.252668
518.13141	22.086966
518.14221	26.28908
518.15308	15.323812
518.16394	17.915733
518.17474	16.939405
518.18561	16.073845
518.19647	17.98675
518.20728	17.009857
518.21814	20.86363
518.229	23.826708
518.23987	20.325743
518.25067	24.474463
518.26154	20.643896
518.2724	14.914705
518.2832	10.70449
518.29407	22.803293
518.30493	19.787727
518.31573	13.482825
518.3266	15.645954
518.33746	14.177923
518.34827	10.257542
518.35913	9
518.37	10.919996
518.38086	18.163269
518.39166	17.258759
518.40253	17.413902
518.41339	18.909376
518.42419	16.950956
518.43506	15.496538
518.44592	11.161669
518.45673	12.017318
518.46759	21.027136
518.47845	23.766897
518.48926	23.952997
518.50012	24.064579
518.51099	16.940464
518.52185	13.958753
518.53265	17.487738
518.54352	18.222647
518.55438	12.524383
518.56519	17.694994
518.57605	19.15114
518.58691	14.114569
518.59772	7.4838443
518.60858	15.425939
518.61945	18.738136
518.63031	22.807787
518.64111	12.532682
518.65198	19
518.66284	18.797016
518.67365	12.989785
518.68451	12.008704
518.69537	29.429581
518.70618	17.651854
518.71704	24.41169
518.72791	22.291632
518.73871	14.9282
518.74957	13.139059
518.76044	12.158105
518.7713	15.276366
518.7821	16.79542
518.79297	17
518.80383	17.753571
518.81464	12.128542
518.8255	11.423445
518.83636	17.534819
518.84717	17.320505
518.85803	6.2534175
518.8689	11.048397
518.87976	11.530771
518.89056	9.1723518
518.90143	15.65612
518.91229	16.734037
518.9231	15.047063
518.93396	21.052544
518.94482	28.421505
518.95563	26.83143
518.96649	20.672644
518.97736	17.736717
518.98816	12.374649
518.99902	6.2351475
519.00989	9.3288403
