# X_OFFSET: -0.976
509.01022	1231.8497
509.02106	826.53113
509.03189	556.88922
509.04276	419.8989
509.05359	342.76114
509.06445	278.4267
509.07529	274.59518
509.08612	318.40448
509.09698	427.03427
509.10782	624.9082
509.11868	855.05438
509.12952	889.9046
509.14035	792.16907
509.15121	779.28247
509.16205	1164.5477
509.17288	1536.0709
509.18375	1512.6663
509.19458	1140.236
509.20544	896.58771
509.21628	1066.0267
509.22711	1355.2213
509.23798	1464.6617
509.24881	1265.3738
509.25967	949.65076
509.27051	1369.433
509.28134	2545.9407
509.29221	4153.519
509.30304	4745.9595
509.3139	4000.5095
509.32474	2325.2065
509.33557	960.00256
509.34644	356.89969
509.35727	233.68909
509.3681	280.00635
509.37897	353.14282
509.3898	395.64722
509.40067	373.96722
509.4115	306.40762
509.42233	330.50677
509.4332	544.40967
509.44403	1141.9735
509.4549	2107.1511
509.46573	2872.0754
509.47656	2749.5447
509.48743	2130.1462
509.49826	1503.3633
509.50912	1132.8635
509.51996	800.26306
509.53079	483.96075
509.54166	281.95123
509.55249	200.72346
509.56332	212.5278
509.57419	283.64285
509.58502	484.14935
509.59589	1137.8125
509.60672	2544.3394
509.61755	4209.8623
509.62842	4612.2173
509.63925	3534.4067
509.65012	1638.4531
509.66095	832.65875
509.67178	941.62463
509.68265	1153.0103
509.69348	1171.0345
509.70435	944.55933
509.71518	788.11572
509.72601	901.17847
509.73688	1115.1982
509.74771	1134.4913
509.75854	895.23914
509.76941	723.35083
509.78024	1055.1473
509.79111	1714.0687
509.80194	1900.2212
509.81277	1480.2051
509.82364	756.12854
509.83447	419.69327
509.84534	428.5072
509.85617	389.7709
509.867	360.02692
509.87787	528.59149
509.8887	1229.1603
509.89957	2756.1006
509.9104	4489.2095
509.92123	5417.6025
509.9321	4931.249
509.94293	3457.0549
509.95377	1908.7274
509.96463	882.82556
509.97546	399.29425
509.98633	199.68042
509.99716	184.80139
510.008	229.01479
510.01886	324.55447
510.02969	397.81723
510.04056	477.64407
510.05139	585.36456
510.06223	1028.8085
510.07309	1794.0396
510.08392	2101.4871
510.09479	1905.1927
510.10562	1471.1134
510.11646	1302.1716
510.12732	1316.0005
510.13815	1189.3457
510.14902	974.2356
510.15985	933.16791
510.17068	1055.9916
510.18155	1145.9857
510.19238	1242.9691
510.20322	1727.7542
510.21408	3193.6768
510.22491	4437.377
510.23578	4522.5278
510.24661	2876.2585
510.25745	1327.1279
510.26831	501.03461
510.27914	413.26993
510.29001	456.6571
510.30084	492.22522
510.31168	659.04926
510.32254	940.06378
510.33337	1231.3552
510.34424	1495.0637
510.35507	1696.4126
510.36591	1793.4896
510.37677	1903.4565
510.3876	2172.033
510.39844	2346.272
510.4093	2033.9221
510.42014	1271.6254
510.431	552.07062
510.44183	335.9837
510.45267	326.53705
510.46353	462.83487
510.47437	685.58966
510.48523	1232.6521
510.49606	2637.7314
510.5069	4214.1426
510.51776	5129.2793
510.52859	4550.4766
510.53946	3083.9958
510.55029	1828.3164
510.56113	1299.4583
510.57199	1350.3311
510.58282	1424.9451
510.59366	1272.5643
510.60452	934.86993
510.61536	659.25543
510.62622	643.42969
510.63705	771.04663
510.64789	1161.3394
510.65875	2086.2488
510.66959	2656.2581
510.68045	2516.6335
510.69128	1829.7382
510.70212	1347.8136
510.71298	1424.1503
510.72382	1673.2419
510.73468	1831.6118
510.74551	1922.5995
510.75635	1955.2483
510.76721	1920.0929
510.77805	1926.3644
510.78888	2439.1033
510.79974	3690.1311
510.81058	4441.1851
510.82144	4172.5122
510.83228	2397.6299
510.84311	1036.5295
510.85397	260.8501
510.86481	187.3737
510.87567	193.6225
510.88651	227.48302
510.89734	398.70383
510.9082	627.7973
510.91904	842.68451
510.9299	971.62354
510.94073	1172.6898
510.95157	1693.0226
510.96243	2612.2056
510.97327	3223.3167
510.9841	2811.5217
510.99496	1678.4994
511.0058	546.18713
511.01666	184.84201
511.0275	195.59323
511.03833	261.94104
511.04919	521.39325
511.06003	1240.34
511.07089	3010.9739
511.08173	4398.7993
511.09256	4892.1968
511.10342	3714.9158
511.11426	2363.1184
511.12512	1569.0323
511.13596	1535.1283
511.14679	1506.1213
511.15765	1121.4253
511.16849	589.52844
511.17935	249.98125
511.19019	200.00713
511.20102	312.28223
511.21188	667.68658
511.22272	1411.2649
511.23355	2293.2576
511.24442	2382.5852
511.25525	1748.5104
511.26611	859.86267
511.27695	644.01819
511.28778	778.48126
511.29865	856.71674
511.30948	1041.8883
511.32034	1382.1218
511.33118	1714.1454
511.34201	2165.1587
511.35287	3245.7996
511.36371	4208.1973
511.37457	4459.6011
511.38541	3445.2041
511.39624	1817.3036
511.4071	739.15662
511.41794	221.06891
511.42877	246.7952
511.43964	382.59354
511.45047	587.53052
511.46133	746.56213
511.47217	1008.7713
511.483	1351.1526
511.49387	1809.0336
511.5047	2007.0576
511.51556	2494.9768
511.5264	2718.134
511.53723	2396.9941
511.5481	1489.2531
511.55893	600.58875
511.56979	262.06207
511.58063	277.79559
511.59146	476.39844
511.60233	1038.4829
511.61316	2300.7214
511.62399	3932.6958
511.63486	4975.0225
511.64569	4835.6914
511.65656	3474.7056
511.66739	2241.1401
511.67822	1341.578
511.68909	955.17719
511.69992	556.13245
511.71078	266.26007
511.72162	190.85249
511.73245	213.4566
511.74332	332.3569
511.75415	714.4422
511.76501	1723.7144
511.77585	2726.3027
511.78668	2969.521
511.79755	2368.2737
511.80838	1669.714
511.81921	1524.6315
511.83008	1590.8499
511.84091	1316.7747
511.85178	842.71625
511.86261	581.8869
511.87344	858.85004
511.88431	1863.952
511.89514	3577.9172
511.90601	4420.2925
511.91684	4395.272
511.92767	2706.3301
511.93854	1503.7991
511.94937	686.56122
511.96024	599.0387
511.97107	801.21423
511.9819	1323.661
511.99277	1529.176
512.0036	1390.0222
512.01447	929.2063
512.02527	633.70428
512.03613	939.47437
512.047	1858.3281
512.05786	2681.7034
512.06866	2690.7603
512.07953	1933.6189
512.09039	991.3006
512.1012	763.57037
512.11206	1220.7827
512.12292	1959.9877
512.13373	2580.9438
512.14459	3736.2822
512.15546	4402.1655
512.16626	4685.5103
512.17712	3281.4707
512.18799	1764.006
512.19885	731.66931
512.20966	451.25775
512.22052	480.435
512.23138	465.3819
512.24219	427.04059
512.25305	513.67389
512.26392	855.52838
512.27472	1629.4193
512.28558	2878.616
512.29645	3853.4546
512.30731	3641.9617
512.31812	2394.6438
512.32898	903.36224
512.33984	333.93387
512.35065	395.57629
512.36151	507.09491
512.37238	598.4082
512.38318	876.55707
512.39404	1927.3807
512.40491	4136.4722
512.41571	5341.5991
512.42657	5369.7568
512.43744	3585.9866
512.4483	1911.9177
512.45911	770.06354
512.46997	353.30621
512.48083	346.50815
512.49164	375.4516
512.5025	360.46262
512.51337	355.58905
512.52417	505.41641
512.53503	1010.9661
512.5459	2036.7725
512.5567	3401.553
512.56757	4115.7368
512.57843	3449.5293
512.58929	1911.0582
512.6001	707.08185
512.61096	510.02652
512.62183	685.09351
512.63263	1207.0806
512.64349	2795.2227
512.65436	4561.8237
512.66516	5447.3979
512.67603	4693.7104
512.68689	3006.2544
512.69775	1494.6896
512.70856	734.75537
512.71942	552.20361
512.73029	518.37042
512.74109	441.31439
512.75195	454.95023
512.76282	804.37317
512.77362	1638.9083
512.78448	2828.9438
512.79535	3740.5212
512.80615	3576.7148
512.81702	2475.6633
512.82788	1215.7766
512.83875	574.56818
512.84955	493.0079
512.86041	578.07367
512.87128	770.80566
512.88208	1442.3177
512.89294	2985.0112
512.90381	4009.2202
512.91461	4367.709
512.92548	3371.533
512.93634	2412.4045
512.94714	1715.6748
512.95801	1325.0101
512.96887	1001.8651
512.97974	651.9884
512.99054	507.0383
513.0014	761.50311
513.01227	1320.3832
513.02307	1917.8407
513.03394	2608.9631
513.0448	3376.6624
513.0556	3438.7212
513.06647	2660.6758
513.07733	1315.092
513.0882	577.65747
513.099	829.67657
513.10986	1770.5964
513.12073	3435.2622
513.13153	4712.1992
513.1424	4883.1758
513.15326	3845.9839
513.16406	2330.9358
513.17493	1169.2992
513.18579	565.35712
513.19659	637.24347
513.20746	1122.8625
513.21832	1535.6733
513.22919	1623.7063
513.23999	1574.2814
513.25085	2063.9946
513.26172	3094.3691
513.27252	3528.1316
513.28339	2975.8828
513.29425	2017.3872
513.30505	1521
513.31592	1457.1975
513.32678	1072.6887
513.33759	886.94818
513.34845	1445.9788
513.35931	3058.6326
513.37018	4146.6807
513.38098	4782.6812
513.39185	3949.3972
513.40271	2753.2844
513.41351	1390.3221
513.42438	607.40936
513.43524	498.51349
513.44604	826.31696
513.45691	1268.5498
513.46777	1546.9541
513.47864	1614.4082
513.48944	1961.8799
513.50031	2985.6848
513.51117	3897.5732
513.52197	3780.0952
513.53284	2897.3018
513.5437	1806.243
513.5545	1556.2959
513.56537	1727.7107
513.57623	2944.564
513.58704	4400.7173
513.5979	5115.7573
513.60876	4535.4595
513.61963	2895.5508
513.63043	1871.4071
513.6413	1805.6274
513.65216	2481.3699
513.66296	3029.4653
513.67383	2929.9746
513.68469	2492.9106
513.6955	2174.5667
513.70636	1937.6699
513.71722	1733.2296
513.72809	1496.7081
513.73889	1495.9226
513.74976	1820.0977
513.76062	2312.0051
513.77142	2911.1462
513.78229	3679.8523
513.79315	4817.144
513.80396	5725.0791
513.81482	5894.7549
513.82568	5489.9634
513.83649	4659.6006
513.84735	4024.2424
513.85822	3501.876
513.86908	3661.1799
513.87988	4184.063
513.89075	4890.7271
513.90161	4780.7412
513.91241	4139.6646
513.92328	3279.5251
513.93414	3586.6143
513.94495	3951.2966
513.95581	3599.429
513.96667	2259.5559
513.97748	1070.9069
513.98834	901.1983
513.99921	1676.3319
514.01007	2709.427
514.02087	3356.0642
514.03174	3352.679
514.0426	2660.0181
514.05341	1670.2454
514.06427	854.27759
514.07513	298.79773
514.08594	292.62653
514.0968	327.7012
514.10767	454.40604
514.11853	880.44836
514.12933	2121.6492
514.1402	3634.7031
514.15106	3862.6719
514.16187	2753.7795
514.17273	1187.1528
514.18359	510.67926
514.1944	615.0769
514.20526	1406.9148
514.21613	2427.4058
514.22693	3108.3616
514.23779	3142.376
514.24866	2642.8594
514.25952	1868.9297
514.27032	1105.7179
514.28119	541.26343
514.29205	284.12408
514.30286	264.94788
514.31372	312.10892
514.32458	565.74341
514.33539	1391.8138
514.34625	2903.6145
514.35712	3930.4502
514.36792	3606.1736
514.37878	2129.9001
514.38965	933.77777
514.40051	1233.4045
514.41132	2193.8022
514.42218	2952.7048
514.43304	3055.8328
514.44385	2771.1289
514.45471	1970.059
514.46558	1230.8021
514.47638	516.39063
514.48724	295.63205
514.49811	316.91223
514.50897	526.99329
514.51978	1235.8124
514.53064	2704.2388
514.5415	3861.7493
514.55231	3749.6487
514.56317	2451.719
514.57404	1044.8105
514.58484	660.29761
514.5957	1234.6898
514.60657	2150.8127
514.61737	2735.208
514.62823	2819.3438
514.6391	2430.2141
514.64996	1981.354
514.66077	1310.5868
514.67163	707.69183
514.6825	274.41953
514.6933	257.98694
514.70416	367.48087
514.71503	800.19727
514.72583	2128.9924
514.73669	3735.3279
514.74756	4164.627
514.75842	3237.1592
514.76923	1764.1533
514.78009	1526.4155
514.79095	1962.7445
514.80176	2524.4543
514.81262	2561.8813
514.82349	2448.6345
514.83429	2044.3691
514.84515	1361.2483
514.85602	750.23236
514.86682	327.38782
514.87769	381.62451
514.88855	819.81482
514.89941	1973.396
514.91022	3653.4551
514.92108	4292.6416
514.93195	3513.0469
514.94275	1759.3077
514.95361	887.51849
514.96448	1410.4686
514.97528	1951.7483
514.98615	2443.7871
514.99701	2149.6455
515.00781	2121.22
515.01868	1773.4351
515.02954	1353.5012
515.04041	805.42767
515.05121	384.04575
515.06207	365.50772
515.07294	700.6217
515.08374	1798.7615
515.0946	3427.5786
515.10547	4329.2876
515.11627	3854.8511
515.12714	2602.7874
515.138	1832.9069
515.14886	1855.434
515.15967	2047.2227
515.17053	2064.0879
515.1814	1974.6899
515.1922	1868.6241
515.20306	1264.208
515.21393	809.14752
515.22473	422.2294
515.2356	721.47986
515.24646	1683.7301
515.25726	3572.158
515.26813	4557.7158
515.27899	4061.7065
515.28986	2283.3533
515.30066	1428.3607
515.31152	1591.7444
515.32239	1781.057
515.33319	1891.2521
515.34406	1670.7498
515.35492	1837.5677
515.36572	1564.103
515.37659	1249.8267
515.38745	772.28864
515.39825	495.53867
515.40912	763.13171
515.41998	1910.4655
515.43085	3572.1008
515.44165	4578.7173
515.45251	4254.3022
515.46338	3042.1812
515.47418	1941.8007
515.48505	1579.4263
515.49591	1608.6897
515.50671	1605.2689
515.51758	1745.0205
515.52844	1536.5449
515.53931	1136.4055
515.55011	783.81488
515.56097	794.72327
515.57184	1863.0565
515.58264	3885.7844
515.59351	4845.4844
515.60437	4258.085
515.61517	2704.5327
515.62604	1690.3779
515.6369	1382.0056
515.64771	1280.5029
515.65857	1307.9221
515.66943	1371.9689
515.6803	1425.843
515.6911	1261.4921
515.70197	1057.3958
515.71283	804.25067
515.72363	1063.7404
515.7345	2541.6943
515.74536	4277.8994
515.75616	5062.376
515.76703	4314.2412
515.77789	2600.5859
515.78876	1358.5731
515.79956	1015.871
515.81042	1216.9253
515.82129	1365.4397
515.83209	1405.0469
515.84296	1175.5443
515.85382	1143.5826
515.86462	1439.9761
515.87549	2861.5813
515.88635	4680.2061
515.89716	5239.2236
515.90802	4133.043
515.91888	2126.3176
515.92975	984.84741
515.94055	668.5755
515.95142	998.16107
515.96228	1108.6635
515.97308	1102.7179
515.98395	1065.0455
515.99481	1123.2266
516.00562	1356.7031
516.01648	2283.5869
516.02734	4119.9634
516.03815	5337.3848
516.04901	4786.7441
516.05988	2845.8459
516.07074	1162.723
516.08154	788.6297
516.09241	1017.7938
516.10327	1073.826
516.11407	1065.4001
516.12494	1160.6383
516.1358	1649.8848
516.14661	2927.48
516.15747	4735.7876
516.16833	5483.4902
516.1792	4433.8003
516.19	2153.0618
516.20087	680.72943
516.21173	563.59027
516.22253	910.25897
516.2334	955.06873
516.24426	848.09583
516.25507	731.336
516.26593	1405.1649
516.27679	2770.564
516.2876	4822.2856
516.29846	5441.1372
516.30933	4485.645
516.32019	2387.2881
516.33099	962.70703
516.34186	731.77155
516.35272	839.2088
516.36353	879.32898
516.37439	988.30725
516.38525	1748.052
516.39606	3484.4548
516.40692	5072.2319
516.41779	5252.5723
516.42859	3794.5125
516.43945	1820.3256
516.45032	713.38196
516.46118	564.49176
516.47198	769.76001
516.48285	914.40112
516.49371	1095.0419
516.50452	1515.7568
516.51538	2843.0073
516.52625	4673.7559
516.53705	5222.5503
516.54791	4135.415
516.55878	1943.3228
516.56964	794.32019
516.58044	801.92993
516.59131	879.18524
516.60217	1063.4214
516.61298	1763.8269
516.62384	3787.8779
516.6347	5071.8794
516.64551	4862.4165
516.65637	3007.9685
516.66724	1380.2728
516.67804	712.4054
516.6889	612.75018
516.69977	680.69177
516.71063	1012.5208
516.72144	2252.7498
516.7323	4013.9592
516.74316	5012.7739
516.75397	4382.5815
516.76483	2678.6487
516.7757	1287.3956
516.7865	871.54657
516.79736	1155.5446
516.80823	2132.5017
516.81909	3859.8892
516.8299	5257.0122
516.84076	5100.1182
516.85162	3487.905
516.86243	1650.0956
516.87329	740.93451
516.88416	648.02039
516.89496	970.30701
516.90582	2159.9692
516.91669	4184.0308
516.92749	4964.3599
516.93835	4298.6021
516.94922	2161.5522
516.96008	924.50812
516.97089	820.5929
516.98175	1817.9459
516.99261	3899.5212
517.00342	5042.3193
517.01428	4682.1826
517.02515	2879.1226
517.03595	1469.6987
517.04681	1091.3341
517.05768	1616.8966
517.06848	3364.5691
517.07935	4818.2876
517.09021	5184.6436
517.10107	3963.2368
517.11188	2508.7737
517.12274	2115.8259
517.13361	3191.311
517.14441	4662.7061
517.15527	5282.501
517.16614	4515.6929
517.17694	3085.8594
517.18781	2436.8201
517.19867	3191.166
517.20953	4761.0234
517.22034	5646.126
517.2312	5239.1191
517.24207	4030.0442
517.25287	4094.2517
517.26373	4989.2017
517.2746	5864.2681
517.2854	5469.8257
517.29626	4461.6826
517.30713	4735.2563
517.31793	5702.3096
517.3288	6620.5337
517.33966	6240.6846
517.35052	6354.877
517.36133	6697.7935
517.37219	7106.8071
517.38306	7173.1255
517.39386	7566.7695
517.40472	8277.7568
517.41559	9142.8291
517.42639	9698.8535
517.43726	10832.181
517.44812	12178.732
517.45892	14246.977
517.46979	16100.64
517.48065	15995.942
517.49152	13389.501
517.50232	8504.543
517.51318	3997.011
517.52405	1336.5171
517.53485	400.05978
517.54572	304.1091
517.55658	285.13864
517.56738	279.72852
517.57825	284.43945
517.58911	285
517.59998	287.31973
517.61078	283.41971
517.62164	257.31622
517.63251	222.74748
517.64331	199.19054
517.65417	190.71362
517.66504	184.67674
517.67584	177.20444
517.68671	177.82022
517.69757	177.758
517.70837	181.36037
517.71924	176.68895
517.7301	173.77473
517.74097	171.15341
517.75177	173.71074
517.76263	161.03395
517.7735	163.92473
517.7843	157.37773
517.79517	168.06483
517.80603	151.03204
517.81683	148.13005
517.8277	158.14673
517.83856	158.35622
517.84943	153.21069
517.86023	148.91875
517.87109	161.41682
517.88196	157.33951
517.89276	158.85954
517.90363	165.68208
517.91449	173.16158
517.92529	184.07983
517.93616	181.82574
517.94702	165.00806
517.95782	151.63986
517.96869	143.82924
517.97955	133.03258
517.99042	134.53203
518.00122	138.62556
518.01208	132
518.02295	133.58997
518.03375	137.12146
518.04462	137.24925
518.05548	135.30591
518.06628	139.21123
518.07715	136.97559
518.08801	125.77847
518.09882	130.09482
518.10968	130.24199
518.12054	143.35791
518.13141	145.7764
518.14221	149.86839
518.15308	148.13651
518.16394	140.4944
518.17474	135.18178
518.18561	138.33231
518.19647	147.25177
518.20728	165.81271
518.21814	169.86363
518.229	180.36458
518.23987	175.48862
518.25067	160.68172
518.26154	146.8029
518.2724	126.35392
518.2832	133.7104
518.29407	152.80432
518.30493	163.21228
518.31573	162.74141
518.3266	152.52052
518.33746	141.23929
518.34827	135.25754
518.35913	127.3633
518.37	129.75999
518.38086	133.61633
518.39166	123.92486
518.40253	127.24171
518.41339	134.45468
518.42419	130.85286
518.43506	132.53117
518.44592	135.56062
518.45673	134.45612
518.46759	134.1351
518.47845	135.05518
518.48926	148.93678
518.50012	167.83464
518.51099	171
518.52185	162.37123
518.53265	141.32207
518.54352	132.22264
518.55438	127.03251
518.56519	130.68335
518.57605	124.06107
518.58691	129.31981
518.59772	134.17564
518.60858	129.71603
518.61945	129.35326
518.63031	138.90065
518.64111	137.61951
518.65198	132.88499
518.66284	130.96617
518.67365	129.94893
518.68451	125.04353
518.69537	130.80986
518.70618	131.94986
518.71704	145.89691
518.72791	161.44463
518.73871	147.97243
518.74957	131.36401
518.76044	119.73916
518.7713	130.28638
518.7821	118.68243
518.79297	119.65608
518.80383	124.76787
518.81464	126.73394
518.8255	131.98206
518.83636	136.07556
518.84717	129.63139
518.85803	126.64978
518.8689	124.48791
518.87976	125.43076
518.89056	126.41383
518.90143	131.09052
518.91229	126.29077
518.9231	133.65889
518.93396	159.12611
518.94482	179.71742
518.95563	183.44191
518.96649	165.49625
518.97736	143.4203
518.98816	129.77747
518.99902	128.44183
519.00989	133.27853