# X_OFFSET: -0.976
509.01022	1099.8604
509.02106	754.31189
509.03189	518.94232
509.04276	400.6636
509.05359	337.70764
509.06445	278.69815
509.07529	268.80768
509.08612	307.0318
509.09698	393.64905
509.10782	559.3205
509.11868	775.82874
509.12952	837.62695
509.14035	742.75372
509.15121	696.81061
509.16205	1015.8466
509.17288	1360.9164
509.18375	1362.4312
509.19458	1034.8396
509.20544	793.54645
509.21628	908.39325
509.22711	1153.2948
509.23798	1267.9121
509.24881	1106.9847
509.25967	820.96875
509.27051	1146.6541
509.28134	2022.4358
509.29221	3372.9878
509.30304	3940.1094
509.3139	3446.4863
509.32474	2080.5054
509.33557	908.72443
509.34644	356.52005
509.35727	236.50423
509.3681	268.3186
509.37897	326.93622
509.3898	369.30115
509.40067	347.97131
509.4115	288.13129
509.42233	300.77585
509.4332	455.71713
509.44403	927.50842
509.4549	1731.8019
509.46573	2449.625
509.47656	2401.1292
509.48743	1887.7677
509.49826	1339.1385
509.50912	1008.7135
509.51996	730.07672
509.53079	459.53976
509.54166	284.95172
509.55249	212.18987
509.56332	213.52644
509.57419	264.40216
509.58502	414.63354
509.59589	899.38965
509.60672	1997.9722
509.61755	3432.7312
509.62842	3851.29
509.63925	3087.8279
509.65012	1484.3927
509.66095	717.32935
509.67178	790.28058
509.68265	985.20789
509.69348	1023.3861
509.70435	829.25226
509.71518	693.77686
509.72601	794.55402
509.73688	963.78052
509.74771	996.81543
509.75854	801.62006
509.76941	635.91846
509.78024	900.98108
509.79111	1450.2832
509.80194	1682.7275
509.81277	1368.5162
509.82364	736.12854
509.83447	398.72269
509.84534	394.69949
509.85617	371.0798
509.867	331.19864
509.87787	454.63702
509.8887	959.13171
509.89957	2155.9875
509.9104	3609.0674
509.92123	4489.9756
509.9321	4208.0254
509.94293	3024.4817
509.95377	1717.1913
509.96463	825.87048
509.97546	387.52124
509.98633	215.51547
509.99716	195.20093
510.008	224.13324
510.01886	289.54715
510.02969	369.33249
510.04056	442.12491
510.05139	515.82843
510.06223	861.90399
510.07309	1532.8966
510.08392	1835.0283
510.09479	1707.8167
510.10562	1305.3386
510.11646	1117.4698
510.12732	1112.2428
510.13815	1015.7278
510.14902	841.09161
510.15985	804.40997
510.17068	916.14001
510.18155	994.04852
510.19238	1056.9537
510.20322	1413.6191
510.21408	2545.3486
510.22491	3630.8853
510.23578	3812.0886
510.24661	2559.9033
510.25745	1185.8903
510.26831	477.91003
510.27914	365.73007
510.29001	407.23688
510.30084	433.96451
510.31168	562.30304
510.32254	784.66278
510.33337	1036.459
510.34424	1270.5785
510.35507	1438.8759
510.36591	1531.6008
510.37677	1644.5411
510.3876	1873.1644
510.39844	2054.8118
510.4093	1835.5569
510.42014	1177.5569
510.431	532.08691
510.44183	332.95926
510.45267	309.34268
510.46353	392.06848
510.47437	577.51721
510.48523	988.00055
510.49606	2076.3391
510.5069	3399.9133
510.51776	4212.2793
510.52859	3858.2646
510.53946	2680.6714
510.55029	1590.5759
510.56113	1125.8976
510.57199	1164.6578
510.58282	1246.3302
510.59366	1116.373
510.60452	852.28644
510.61536	586.69702
510.62622	550.61707
510.63705	675.45398
510.64789	960.59497
510.65875	1739.438
510.66959	2281.6226
510.68045	2224.239
510.69128	1648.7739
510.70212	1172.7931
510.71298	1200.2347
510.72382	1381.6901
510.73468	1523.6125
510.74551	1622.0348
510.75635	1672.5157
510.76721	1659.0511
510.77805	1629.2561
510.78888	1975.2032
510.79974	2964.7913
510.81058	3683.3098
510.82144	3540.4182
510.83228	2137.0088
510.84311	947.3335
510.85397	279.7561
510.86481	206.43617
510.87567	193.14792
510.88651	226.14879
510.89734	347.74625
510.9082	530.0249
510.91904	708.34973
510.9299	822.50531
510.94073	975.9823
510.95157	1390.915
510.96243	2181.0295
510.97327	2758.688
510.9841	2487.3367
510.99496	1558.6172
511.0058	546.0564
511.01666	191.57901
511.0275	196.64409
511.03833	250.95284
511.04919	441.08005
511.06003	976.69043
511.07089	2349.4292
511.08173	3559.4207
511.09256	4059.8252
511.10342	3179.5439
511.11426	2048.5369
511.12512	1345.7561
511.13596	1304.405
511.14679	1294.8856
511.15765	998.90216
511.16849	555.85712
511.17935	258.44727
511.19019	208.30962
511.20102	282.68832
511.21188	553.69232
511.22272	1164.3275
511.23355	1947.8795
511.24442	2093.6306
511.25525	1585.1284
511.26611	790.48529
511.27695	563.23059
511.28778	664.02271
511.29865	745.8728
511.30948	870.49329
511.32034	1165.454
511.33118	1437.9524
511.34201	1773.2535
511.35287	2599.9709
511.36371	3419.0173
511.37457	3700.2817
511.38541	2933.2109
511.39624	1616.3933
511.4071	694.18652
511.41794	235.39052
511.42877	228.40964
511.43964	343.17212
511.45047	509.42154
511.46133	633.44861
511.47217	845.94727
511.483	1103.3458
511.49387	1530.828
511.5047	1699.3623
511.51556	2070.2361
511.5264	2315.9609
511.53723	2124.8774
511.5481	1385.9387
511.55893	597.67017
511.56979	268.01407
511.58063	258.63336
511.59146	397.40088
511.60233	812.82867
511.61316	1795.6993
511.62399	3117.9729
511.63486	4036.3794
511.64569	4041.2026
511.65656	2995.2556
511.66739	1953.3939
511.67822	1177.9987
511.68909	865.67987
511.69992	529.26477
511.71078	272.65643
511.72162	193.17599
511.73245	207.48532
511.74332	314.48996
511.75415	591.96967
511.76501	1400.7792
511.77585	2289.2295
511.78668	2549.5579
511.79755	2090.3428
511.80838	1473.1714
511.81921	1287.6052
511.83008	1347.6166
511.84091	1156.0789
511.85178	758.80975
511.86261	511.29477
511.87344	687.65332
511.88431	1439.2231
511.89514	2812.751
511.90601	3603.5845
511.91684	3680.73
511.92767	2372.6575
511.93854	1319.7281
511.94937	609.74353
511.96024	521.66968
511.97107	669.93542
511.9819	1111.5797
511.99277	1310.5703
512.0036	1225.9827
512.01447	848.51025
512.02527	579.48053
512.03613	786.82721
512.047	1525.0316
512.05786	2253.8135
512.06866	2335.7864
512.07953	1733.215
512.09039	912.99249
512.1012	654.12756
512.11206	1003.5788
512.12292	1607.729
512.13373	2074.6509
512.14459	3013.9536
512.15546	3598.1594
512.16626	3871.01
512.17712	2823.572
512.18799	1557.4391
512.19885	695.29718
512.20966	416.36563
512.22052	429.97354
512.23138	414.39713
512.24219	382.03046
512.25305	449.16931
512.26392	715.7511
512.27472	1319.7313
512.28558	2348.1516
512.29645	3233.7893
512.30731	3160.24
512.31812	2162.2927
512.32898	883.30585
512.33984	329.83472
512.35065	355.73822
512.36151	443.8212
512.37238	512.05621
512.38318	715.97479
512.39404	1457.2831
512.40491	3264.6111
512.41571	4361.2446
512.42657	4491.0459
512.43744	3110.8713
512.4483	1693.9357
512.45911	715.2998
512.46997	332.93015
512.48083	311.54813
512.49164	343.58063
512.5025	340.47809
512.51337	336.10959
512.52417	443.16452
512.53503	822.44049
512.5459	1634.7034
512.5567	2803.834
512.56757	3519.5405
512.57843	3049.0891
512.58929	1783.5127
512.6001	654.79004
512.61096	462.1911
512.62183	575.41376
512.63263	943.31903
512.64349	2146.0557
512.65436	3636.3765
512.66516	4471.1709
512.67603	3970.5076
512.68689	2590.9917
512.69775	1339.6571
512.70856	663.64868
512.71942	491
512.73029	470.95502
512.74109	403.29697
512.75195	402.85016
512.76282	670.21198
512.77362	1328.4159
512.78448	2312.353
512.79535	3136.1633
512.80615	3098.272
512.81702	2206.6804
512.82788	1110.9731
512.83875	522.92694
512.84955	444.37744
512.86041	516.05286
512.87128	654.40009
512.88208	1128.3577
512.89294	2351.384
512.90381	3268.4153
512.91461	3603.6077
512.92548	2870.3784
512.93634	2040.0382
512.94714	1464.4164
512.95801	1163.5261
512.96887	896.30084
512.97974	594.84003
512.99054	456.50089
513.0014	639.0069
513.01227	1083.882
513.02307	1578.5836
513.03394	2132.8262
513.0448	2810.5581
513.0556	2975.9392
513.06647	2362.9873
513.07733	1229.5347
513.0882	515.64667
513.099	692.54657
513.10986	1379.1119
513.12073	2722.6685
513.13153	3801.1687
513.1424	4020.2585
513.15326	3257.4873
513.16406	2018.2117
513.17493	1062.1539
513.18579	524.09436
513.19659	535.4704
513.20746	922.5249
513.21832	1273.2341
513.22919	1375.0709
513.23999	1324.5634
513.25085	1683.2773
513.26172	2561.4478
513.27252	3001.1233
513.28339	2586.0439
513.29425	1782.152
513.30505	1290.3623
513.31592	1260.6879
513.32678	940.58228
513.33759	741.88641
513.34845	1111.8616
513.35931	2384.0984
513.37018	3328.4292
513.38098	3920.9158
513.39185	3348.9631
513.40271	2373.2734
513.41351	1253.2646
513.42438	570.60333
513.43524	442.03891
513.44604	683.49805
513.45691	1048.8451
513.46777	1295.3857
513.47864	1366.5054
513.48944	1619.0815
513.50031	2449.855
513.51117	3269.9202
513.52197	3226.6775
513.53284	2517.0767
513.5437	1563.2717
513.5545	1324.9597
513.56537	1384.1555
513.57623	2298.9255
513.58704	3500.8384
513.5979	4149.208
513.60876	3804.8662
513.61963	2492.8589
513.63043	1617.0096
513.6413	1473.9875
513.65216	2052.5313
513.66296	2508.7637
513.67383	2473.9812
513.68469	2120.9919
513.6955	1851.4269
513.70636	1661.8665
513.71722	1485.7582
513.72809	1277.2765
513.73889	1240.1649
513.74976	1465.7017
513.76062	1857.3942
513.77142	2354.9058
513.78229	2986.9543
513.79315	3902.77
513.80396	4677.6299
513.81482	4839.4692
513.82568	4543.7754
513.83649	3871.0159
513.84735	3333.2014
513.85822	2929.5002
513.86908	2964.9338
513.87988	3378.8433
513.89075	4015.5667
513.90161	3962.9751
513.91241	3499.1804
513.92328	2732.063
513.93414	2958.8137
513.94495	3305.1633
513.95581	3092.0959
513.96667	2024.9626
513.97748	995.13422
513.98834	765.7301
513.99921	1332.0941
514.01007	2166.6467
514.02087	2733.0793
514.03174	2775.2212
514.0426	2242.9873
514.05341	1452.7153
514.06427	791.68604
514.07513	302.30811
514.08594	279.29205
514.0968	315.879
514.10767	397.69473
514.11853	713.41724
514.12933	1668.5648
514.1402	3001.2417
514.15106	3269.3335
514.16187	2466.2292
514.17273	1111.6676
514.18359	471.09634
514.1944	515.87683
514.20526	1098.6761
514.21613	1913.6958
514.22693	2530.3667
514.23779	2593.959
514.24866	2220.1235
514.25952	1599.2352
514.27032	990.64929
514.28119	521.69788
514.29205	277.5567
514.30286	254.37723
514.31372	282.50778
514.32458	478.53726
514.33539	1099.2496
514.34625	2312.8274
514.35712	3267.616
514.36792	3084.9224
514.37878	1936.1091
514.38965	823.05969
514.40051	957.60626
514.41132	1776.6843
514.42218	2366.668
514.43304	2495.9863
514.44385	2282.8801
514.45471	1677.9661
514.46558	1091.7578
514.47638	503.28094
514.48724	298.08517
514.49811	288.40762
514.50897	432.40933
514.51978	970.83191
514.53064	2162.5872
514.5415	3215.3464
514.55231	3240.9587
514.56317	2191.7734
514.57404	979.2475
514.58484	574.08649
514.5957	974.66418
514.60657	1700.3553
514.61737	2193.1592
514.62823	2320.291
514.6391	1993.1643
514.64996	1686.2428
514.66077	1146.0469
514.67163	660.65894
514.6825	277.04391
514.6933	249.97849
514.70416	326.82867
514.71503	648.6156
514.72583	1660.5017
514.73669	3079.9063
514.74756	3521.3989
514.75842	2846.4712
514.76923	1586.8434
514.78009	1261.4873
514.79095	1572.8508
514.80176	2031.8982
514.81262	2098.7988
514.82349	2025.1384
514.83429	1725.1458
514.84515	1204.0554
514.85602	699.44287
514.86682	335.41809
514.87769	357.65222
514.88855	680.05371
514.89941	1570.8239
514.91022	2945.5217
514.92108	3581.6946
514.93195	3032.4336
514.94275	1593.7811
514.95361	771.01398
514.96448	1098.2242
514.97528	1576.6212
514.98615	1956.7455
514.99701	1822.7379
515.00781	1714.0275
515.01868	1501.8109
515.02954	1142.0453
515.04041	728.77631
515.05121	371.18436
515.06207	328.08487
515.07294	583.74207
515.08374	1389.1346
515.0946	2765.5105
515.10547	3628.0598
515.11627	3329.0562
515.12714	2260.426
515.138	1531.024
515.14886	1510.8302
515.15967	1680.5931
515.17053	1711.4852
515.1814	1619.7041
515.1922	1561.1031
515.20306	1081.3435
515.21393	710.49091
515.22473	387.47952
515.2356	598.29327
515.24646	1307.98
515.25726	2864.6934
515.26813	3790.7761
515.27899	3482.8589
515.28986	2021.5164
515.30066	1213.0126
515.31152	1280.1112
515.32239	1422.5133
515.33319	1566.5349
515.34406	1379.3986
515.35492	1494.2577
515.36572	1309.5358
515.37659	1071.5681
515.38745	703.20062
515.39825	448.3027
515.40912	628.10498
515.41998	1495.2406
515.43085	2872.416
515.44165	3802.1084
515.45251	3612.1812
515.46338	2622.7515
515.47418	1656.5553
515.48505	1321.0775
515.49591	1330.6897
515.50671	1317.5952
515.51758	1452.5997
515.52844	1313.1171
515.53931	954.74255
515.55011	713.72961
515.56097	662.06091
515.57184	1437.0642
515.58264	3099.6475
515.59351	3992.7285
515.60437	3634.1367
515.61517	2348.4778
515.62604	1466.1072
515.6369	1163.2697
515.64771	1075.3577
515.65857	1070.3279
515.66943	1128.7524
515.6803	1193.9569
515.6911	1061.1677
515.70197	901.70056
515.71283	699.00055
515.72363	864.14191
515.7345	1995.0516
515.74536	3429.1348
515.75616	4173.8442
515.76703	3664.7334
515.77789	2274.6377
515.78876	1186.9138
515.79956	869.42285
515.81042	1011.6252
515.82129	1130.9623
515.83209	1177.6312
515.84296	1019.1638
515.85382	959.75916
515.86462	1145.8846
515.87549	2210.5713
515.88635	3801.8003
515.89716	4345.3789
515.90802	3604.2197
515.91888	1864.156
515.92975	872.06531
515.94055	567.18231
515.95142	854.58234
515.96228	934.08026
515.97308	928.65558
515.98395	888.88696
515.99481	932.63013
516.00562	1104.4274
516.01648	1788.0759
516.02734	3297.001
516.03815	4393.5146
516.04901	4078.7803
516.05988	2514.9646
516.07074	1057.609
516.08154	662.42279
516.09241	826.05585
516.10327	898.8623
516.11407	899.60004
516.12494	965.55499
516.1358	1316.5819
516.14661	2312.9299
516.15747	3824.2944
516.16833	4532.979
516.1792	3784.9839
516.19	1944.2595
516.20087	658.06122
516.21173	484.95084
516.22253	753.52094
516.2334	814.86194
516.24426	745.89124
516.25507	616.58691
516.26593	1090.1725
516.27679	2151.7017
516.2876	3862.627
516.29846	4484.897
516.30933	3840.3879
516.32019	2101.7241
516.33099	896.42242
516.34186	623.75885
516.35272	699.2088
516.36353	743.98944
516.37439	806.41583
516.38525	1350.814
516.39606	2743.3923
516.40692	4109.8149
516.41779	4356.9629
516.42859	3259.0251
516.43945	1653.1724
516.45032	662.12585
516.46118	486.75534
516.47198	647.755
516.48285	764.45215
516.49371	898.39728
516.50452	1214.3619
516.51538	2222.2007
516.52625	3780.4619
516.53705	4329.2036
516.54791	3536.2239
516.55878	1729.2793
516.56964	736.11609
516.58044	661.23621
516.59131	742.76093
516.60217	864.29889
516.61298	1386.4946
516.62384	2978.075
516.6347	4151.5322
516.64551	4080.7717
516.65637	2623.1353
516.66724	1256.5497
516.67804	644.31207
516.6889	548.50024
516.69977	595.89545
516.71063	824.08844
516.72144	1728.1371
516.7323	3200.564
516.74316	4109.1812
516.75397	3709.9243
516.76483	2340.6091
516.7757	1135.9376
516.7865	746.73181
516.79736	927.10516
516.80823	1651.0471
516.81909	3041.9258
516.8299	4272.3208
516.84076	4261.6665
516.85162	3005.0046
516.86243	1462.6212
516.87329	685.53857
516.88416	562.38788
516.89496	788.03217
516.90582	1660.4708
516.91669	3328.1536
516.92749	4064.7737
516.93835	3630.9827
516.94922	1919.7557
516.96008	864.05811
516.97089	659.14111
516.98175	1396.845
516.99261	3046.6255
517.00342	4072.8132
517.01428	3924.7546
517.02515	2513.7605
517.03595	1304.0637
517.04681	904.72955
517.05768	1263.0618
517.06848	2656.5417
517.07935	3860.1401
517.09021	4255.9155
517.10107	3334.8066
517.11188	2147.0493
517.12274	1717.3022
517.13361	2518.0674
517.14441	3713.1328
517.15527	4296.5034
517.16614	3784.1357
517.17694	2614.5645
517.18781	1983.1124
517.19867	2525.7468
517.20953	3790.5066
517.22034	4557.915
517.2312	4348.2134
517.24207	3343.0186
517.25287	3296.7864
517.26373	4004.3743
517.2746	4755.4858
517.2854	4511.4419
517.29626	3656.2017
517.30713	3799.3508
517.31793	4546.5693
517.3288	5378
517.33966	5140.1968
517.35052	5177.6411
517.36133	5428.2715
517.37219	5783.5254
517.38306	5831.4697
517.39386	6136.3613
517.40472	6661.4907
517.41559	7450.3062
517.42639	7872.186
517.43726	8755.2969
517.44812	9893.2012
517.45892	11573.951
517.46979	13257.092
517.48065	13406.972
517.49152	11390.974
517.50232	7352.1772
517.51318	3533.5042
517.52405	1230.7385
517.53485	392.60843
517.54572	293.14633
517.55658	286.46149
517.56738	282.94116
517.57825	283.91028
517.58911	291.10538
517.59998	293.57257
517.61078	287.39554
517.62164	253.32703
517.63251	233.2054
517.64331	205.62865
517.65417	192.1118
517.66504	183.80815
517.67584	201.97781
517.68671	199.43822
517.69757	204.78722
517.70837	197.10451
517.71924	189.75578
517.7301	178.69965
517.74097	175.51137
517.75177	185
517.76263	185
517.7735	175.25095
517.7843	178.78415
517.79517	171.62344
517.80603	173.69519
517.81683	168.7803
517.8277	172.2278
517.83856	169.71245
517.84943	167.40356
517.86023	173.16251
517.87109	178.7269
517.88196	178.55658
517.89276	171.05777
517.90363	176.6953
517.91449	188.74237
517.92529	202.32291
517.93616	195.44505
517.94702	179.57642
517.95782	171.81995
517.96869	167.91463
517.97955	162.01862
517.99042	159.42201
518.00122	153.83409
518.01208	149.21164
518.02295	154.20502
518.03375	154.49529
518.04462	157.35014
518.05548	157.34705
518.06628	158.72525
518.07715	160.25473
518.08801	148
518.09882	152.75221
518.10968	165.15015
518.12054	154.29486
518.13141	172.44717
518.14221	165.31609
518.15308	172.48888
518.16394	159.57867
518.17474	155.84831
518.18561	169.11076
518.19647	171.96025
518.20728	169.02957
518.21814	193.14769
518.229	202.48012
518.23987	203.91856
518.25067	189.68173
518.26154	165.34825
518.2724	156.06715
518.2832	161.59102
518.29407	158.99898
518.30493	179.74297
518.31573	195.78722
518.3266	177.12428
518.33746	156.30066
518.34827	153.74246
518.35913	153.67265
518.37	153
518.38086	151.15102
518.39166	150.59265
518.40253	152.13797
518.41339	150.27344
518.42419	152.19618
518.43506	157.51039
518.44592	159.95958
518.45673	158.71941
518.46759	157.7298
518.47845	159.17793
518.48926	168.54617
518.50012	188.30235
518.51099	191.94046
518.52185	184.16499
518.53265	170.9417
518.54352	156.50038
518.55438	151.27032
518.56519	153.37834
518.57605	147.57558
518.58691	147.69688
518.59772	155.65948
518.60858	160.4198
518.61945	167.64674
518.63031	158.69545
518.64111	164.23903
518.65198	155.11501
518.66284	156.69553
518.67365	148.01021
518.68451	148.99129
518.69537	153.84155
518.70618	166.34814
518.71704	179.04399
518.72791	176.38884
518.73871	170.69615
518.74957	155.36401
518.76044	149.63242
518.7713	156.37183
518.7821	151.63664
518.79297	152.32803
518.80383	152.24643
518.81464	149.06427
518.8255	152.98206
518.83636	157.76741
518.84717	151.63139
518.85803	148
518.8689	154.28024
518.87976	157.3923
518.89056	152.31059
518.90143	148.43439
518.91229	157.79788
518.9231	163.38234
518.93396	172.62085
518.94482	195.62323
518.95563	207.07365
518.96649	191.39908
518.97736	168.36797
518.98816	158.77747
518.99902	152.47029
519.00989	147.47484