# X_OFFSET: -1.116
510.008	249.07739
510.01886	382.13828
510.02969	496.82559
510.04056	608.69171
510.05139	1047.1332
510.06223	2297.3779
510.07309	3062.7466
510.08392	2921.364
510.09479	2085.3826
510.10562	1576.4685
510.11646	1498.53
510.12732	1398.3907
510.13815	1150.0289
510.14902	1092.8916
510.15985	1283.3689
510.17068	1418.7628
510.18155	1437.2854
510.19238	1746.3933
510.20322	3159.1357
510.21408	5159.1748
510.22491	5709.3604
510.23578	4391.0386
510.24661	1976.4474
510.25745	709.95923
510.26831	414.69608
510.27914	440.94504
510.29001	469.15964
510.30084	592.23755
510.31168	885.36145
510.32254	1250.4941
510.33337	1621.4292
510.34424	1961.7529
510.35507	2205.3555
510.36591	2435.8445
510.37677	2898.9482
510.3876	3395.9109
510.39844	3158.6553
510.4093	2161.8059
510.42014	848.40033
510.431	363.35397
510.44183	269.18246
510.45267	374.98483
510.46353	588.48816
510.47437	1066.4895
510.48523	2409.9309
510.49606	4551.2046
510.5069	6110.7339
510.51776	5934.8945
510.52859	4266.7075
510.53946	2475.8516
510.55029	1577.8824
510.56113	1565.5925
510.57199	1782.1971
510.58282	1663.7092
510.59366	1263.4271
510.60452	804.1828
510.61536	645.86792
510.62622	795.50696
510.63705	1190.264
510.64789	2363.9841
510.65875	3577.5933
510.66959	3687.5713
510.68045	2756.1917
510.69128	1694.363
510.70212	1502.9875
510.71298	1751.7119
510.72382	2003.8031
510.73468	2152.6118
510.74551	2320.0269
510.75635	2371.355
510.76721	2278.8093
510.77805	2648.3
510.78888	3923.6694
510.79974	5334.9922
510.81058	5396.5874
510.82144	3690.6235
510.83228	1609.5697
510.84311	396.17004
510.85397	152.46635
510.86481	134.99969
510.87567	159.67104
510.88651	287.9346
510.89734	567.47125
510.9082	826.8952
510.91904	1006.5065
510.9299	1209.9244
510.94073	1782.6431
510.95157	3141.0637
510.96243	4407.0869
510.97327	4355.9819
510.9841	2912.6111
510.99496	1080.0529
511.0058	195.91574
511.01666	128.31509
511.0275	176.36163
511.03833	368.15265
511.04919	989.90076
511.06003	2706.0247
511.07089	4883.0806
511.08173	5974.3442
511.09256	5058.9434
511.10342	3225.6853
511.11426	1924.5013
511.12512	1799.1538
511.13596	1860.209
511.14679	1545.16
511.15765	859.42773
511.16849	300.15909
511.17935	142.27013
511.19019	225.41643
511.20102	576.32281
511.21188	1505.7888
511.22272	2907.8586
511.23355	3497.9099
511.24442	2871.5891
511.25525	1404.9932
511.26611	705.66644
511.27695	756.06183
511.28778	933.58673
511.29865	1035.8232
511.30948	1477.7648
511.32034	1886.4558
511.33118	2338.8074
511.34201	3385.4497
511.35287	4780.2856
511.36371	5529.3105
511.37457	4679.0786
511.38541	2770.8159
511.39624	1098.7393
511.4071	273.43497
511.41794	153.98518
511.42877	281.42773
511.43964	504.86395
511.45047	707.99933
511.46133	983.03503
511.47217	1373.9175
511.483	2048.6565
511.49387	2412.4912
511.5047	2997.7603
511.51556	3794.6316
511.5264	3660.603
511.53723	2575.1528
511.5481	1060.7507
511.55893	319.43085
511.56979	222.87396
511.58063	365.48508
511.59146	805.86133
511.60233	2043.4238
511.61316	4004.7722
511.62399	5676.6436
511.63486	5979.3188
511.64569	4726.0962
511.65656	3016.8882
511.66739	1839.6315
511.67822	1251.4088
511.68909	760.4137
511.69992	311.65887
511.71078	125.38024
511.72162	149.1237
511.73245	247.54089
511.74332	582.66498
511.75415	1696.7379
511.76501	3366.917
511.77585	4103.7563
511.78668	3526.9915
511.79755	2300.2229
511.80838	1783.9423
511.81921	1895.8041
511.83008	1719.3188
511.84091	1131.2111
511.85178	608.60236
511.86261	656.71912
511.87344	1609.4637
511.88431	3496.3279
511.89514	5087.8447
511.90601	5439.6768
511.91684	3886.5195
511.92767	2088.1694
511.93854	867.53381
511.94937	588.28876
511.96024	724.12775
511.97107	1326.5179
511.9819	1776.0767
511.99277	1785.1945
512.0036	1268.1029
512.01447	758.2019
512.02527	893.77197
512.03613	2041.006
512.047	3419.186
512.05786	3844.0542
512.06866	2985.0833
512.07953	1543.9493
512.09039	776.00903
512.1012	1116.9453
512.11206	1982.3798
512.12292	2729.7805
512.13373	3893.1797
512.14459	4983.9297
512.15546	5642.3818
512.16626	4584.3711
512.17712	2534.595
512.18799	1069.8202
512.19885	448.74646
512.20966	463.13739
512.22052	465.41077
512.23138	417.39713
512.24219	443.03745
512.25305	733.86145
512.26392	1531.6589
512.27472	3132.0154
512.28558	4819.02
512.29645	5177.146
512.30731	3801.1873
512.31812	1712.4076
512.32898	456.17526
512.33984	308.61148
512.35065	454.81711
512.36151	547.13269
512.37238	727.87195
512.38318	1530.7853
512.39404	4015.5054
512.40491	6134.3325
512.41571	6689.0225
512.42657	5031.416
512.43744	2770.5779
512.4483	1136.339
512.45911	392.68057
512.46997	292.30096
512.48083	345.26407
512.49164	345.83875
512.5025	320.46262
512.51337	405.08688
512.52417	838.14459
512.53503	1951.7892
512.5459	3808.0071
512.5567	5365.7021
512.56757	5076.0571
512.57843	3246.4854
512.58929	1139.4371
512.6001	503.84265
512.61096	580.9256
512.62183	950.08844
512.63263	2394.7002
512.64349	4761.231
512.65436	6268.6387
512.66516	6079.6567
512.67603	4122.3735
512.68689	2149.5859
512.69775	901.8847
512.70856	541.01849
512.71942	521.13574
512.73029	449.82217
512.74109	413.38065
512.75195	668.9007
512.76282	1517.3151
512.77362	3009.5413
512.78448	4476.2407
512.79535	4826.5283
512.80615	3647.2368
512.81702	1894.3927
512.82788	720.97369
512.83875	479.22922
512.84955	517.85425
512.86041	642.19067
512.87128	1141.1948
512.88208	2797.5632
512.89294	4470.5322
512.90381	5164.1479
512.91461	4410.0498
512.92548	3008.6089
512.93634	2103.2424
512.94714	1557.3453
512.95801	1188.1172
512.96887	769.65442
512.97974	491.75162
512.99054	652.99176
513.0014	1245.2468
513.01227	2004.134
513.02307	2881.0193
513.03394	4072.9607
513.0448	4698.1572
513.0556	3950.801
513.06647	2232.0837
513.07733	718.7478
513.0882	697.72809
513.099	1508.7172
513.10986	3322.6648
513.12073	5203.2749
513.13153	5810.5259
513.1424	5028.1597
513.15326	3197.6169
513.16406	1688.6646
513.17493	671.63037
513.18579	527.13617
513.19659	1062.4451
513.20746	1611.8561
513.21832	1838.6384
513.22919	1768.9457
513.23999	2173.2224
513.25085	3516.5696
513.26172	4565.1016
513.27252	4124.0347
513.28339	2855.8591
513.29425	1810.2449
513.30505	1696.184
513.31592	1346.4841
513.32678	894.1568
513.33759	1185.8342
513.34845	2821.1711
513.35931	4500.1772
513.37018	5468.3613
513.38098	5052.5122
513.39185	3644.656
513.40271	2048.249
513.41351	798.33209
513.42438	459.95197
513.43524	738.45575
513.44604	1295.8354
513.45691	1720.484
513.46777	1803.0231
513.47864	2025.7833
513.48944	3295.8137
513.50031	4788.4194
513.51117	5047.8081
513.52197	4035.7271
513.53284	2384.4912
513.5437	1755.4747
513.5545	1696.5763
513.56537	2767.8167
513.57623	4486.1753
513.58704	5779.5854
513.5979	5703.5054
513.60876	3918.4905
513.61963	2320.4006
513.63043	1680.6681
513.6413	2451.2959
513.65216	3189.0938
513.66296	3319.718
513.67383	2869.8679
513.68469	2437.7695
513.6955	2213.918
513.70636	2011.0222
513.71722	1698.0385
513.72809	1555.3444
513.73889	1805.486
513.74976	2309.9631
513.76062	2879.4683
513.77142	3627.7124
513.78229	4827.6821
513.79315	6142.4478
513.80396	6684.8745
513.81482	6451.1304
513.82568	5650.7417
513.83649	4727.4556
513.84735	4077.4919
513.85822	3891.9614
513.86908	4445.1758
513.87988	5409.6899
513.89075	5594.252
513.90161	5000.1289
513.91241	3879.8774
513.92328	4082.8262
513.93414	4916.9316
513.94495	4873.0728
513.95581	3394.1021
513.96667	1562.8831
513.97748	847.31805
513.98834	1485.1377
513.99921	2645.9866
514.01007	3607.9001
514.02087	3918.2649
514.03174	3356.647
514.0426	2270.6851
514.05341	1161.9718
514.06427	388.75781
514.07513	255.01135
514.08594	319.17831
514.0968	402.28137
514.10767	744.40021
514.11853	1892.9845
514.12933	4149.0981
514.1402	5074.9678
514.15106	4189.2612
514.16187	1916.8209
514.17273	617.74078
514.18359	468.77887
514.1944	1109.3228
514.20526	2324.1748
514.21613	3405.364
514.22693	3637.3928
514.23779	3241.0791
514.24866	2366.1052
514.25952	1504.4491
514.27032	746.15857
514.28119	294.85632
514.29205	230.97159
514.30286	224.71193
514.31372	414.48019
514.32458	1197.9132
514.33539	2973.1768
514.34625	4847.4106
514.35712	4956.8057
514.36792	3374.1497
514.37878	1311.5464
514.38965	988.50891
514.40051	2134.0774
514.41132	3037.7549
514.42218	3533.5454
514.43304	3251.9343
514.44385	2552.5891
514.45471	1609.973
514.46558	711.77374
514.47638	306.46567
514.48724	251.54686
514.49811	375.56186
514.50897	977.4389
514.51978	2758.4824
514.53064	4610.5781
514.5415	5065.7925
514.55231	3677.3262
514.56317	1645.304
514.57404	650.30847
514.58484	1033.1288
514.5957	2054.6797
514.60657	2900.6094
514.61737	3255.3674
514.62823	2820.4548
514.6391	2467.2944
514.64996	1611.1261
514.66077	1012.8005
514.67163	276.22476
514.6825	217.63899
514.6933	264.03687
514.70416	593.40289
514.71503	1800.4272
514.72583	4282.2866
514.73669	5455.5859
514.74756	4749.3257
514.75842	2578.1938
514.76923	1606.9666
514.78009	2000.5682
514.79095	2677.3274
514.80176	2889.853
514.81262	2831.4702
514.82349	2460.3271
514.83429	1789.8767
514.84515	988.47876
514.85602	393.8222
514.86682	289.19409
514.87769	624.31213
514.88855	1811.3674
514.89941	3959.6826
514.91022	5439.3398
514.92108	4909.1646
514.93195	2833.0771
514.94275	1109.7242
514.95361	1155.3594
514.96448	1994.6832
514.97528	2486.3696
514.98615	2606.9673
514.99701	2219.0906
515.00781	2166.9277
515.01868	1606.3295
515.02954	1067.9664
515.04041	414.76724
515.05121	274.91733
515.06207	523.01642
515.07294	1461.8389
515.08374	3697.5842
515.0946	5351.1626
515.10547	5283.4707
515.11627	3621.6729
515.12714	2221.9158
515.138	1953.8873
515.14886	2182.2263
515.15967	2264.1233
515.17053	2171.0156
515.1814	2161.3989
515.1922	1561.2063
515.20306	1007.2003
515.21393	435.7403
515.22473	532.33319
515.2356	1447.4589
515.24646	3632.8484
515.25726	5544.7056
515.26813	5539.874
515.27899	3543.2
515.28986	1649.8336
515.30066	1648.6519
515.31152	1845.5513
515.32239	2140.9482
515.33319	1879.4387
515.34406	1970.6859
515.35492	1836.9061
515.36572	1496.3195
515.37659	998.01575
515.38745	527.81329
515.39825	607.62531
515.40912	1630.0319
515.41998	3821.3206
515.43085	5622.792
515.44165	5648.1709
515.45251	4187.1904
515.46338	2516.8713
515.47418	1792.3132
515.48505	1741.8877
515.49591	1739.0093
515.50671	1876.9867
515.51758	1854.7349
515.52844	1320.611
515.53931	939.81097
515.55011	665.63409
515.56097	1570.5234
515.57184	3992.4202
515.58264	5829.1816
515.59351	5741.3223
515.60437	3776.7368
515.61517	2205.7295
515.62604	1525.0967
515.6369	1373.764
515.64771	1374.8549
515.65857	1455.5164
515.66943	1556.9668
515.6803	1386.5031
515.6911	1176.0812
515.70197	855.58374
515.71283	904.12433
515.72363	2321.2495
515.7345	4643.6704
515.74536	6181.8403
515.75616	5766.6392
515.76703	3749.1719
515.77789	1786.1737
515.78876	1069.0955
515.79956	1188.2766
515.81042	1416.766
515.82129	1504.4231
515.83209	1344.6047
515.84296	1193.7434
515.85382	1347.5485
515.86462	2548.1646
515.87549	5187.4814
515.88635	6406.7969
515.89716	5756.5024
515.90802	3105.5691
515.91888	1280.4829
515.92975	608.0733
515.94055	947.45709
515.95142	1147.5405
515.96228	1180.0861
515.97308	1114.5172
515.98395	1133.9545
515.99481	1298.6031
516.00562	2022.5352
516.01648	4311.0542
516.02734	6360.4697
516.03815	6411.5503
516.04901	4192.0444
516.05988	1708.7412
516.07074	794.68213
516.08154	968.74756
516.09241	1139.0941
516.10327	1127.3223
516.11407	1166.3954
516.12494	1525.854
516.1358	2784.7131
516.14661	5052.9712
516.15747	6602.5396
516.16833	5971.4517
516.1792	3395.6187
516.19	1071.9888
516.20087	508.07932
516.21173	883.36926
516.22253	1072.4061
516.2334	925.12006
516.24426	678.49939
516.25507	1077.0269
516.26593	2408.7595
516.27679	5118.8433
516.2876	6573.5249
516.29846	6139.3418
516.30933	3595.1982
516.32019	1450.3293
516.33099	731.95001
516.34186	843.64001
516.35272	897.34857
516.36353	901.98157
516.37439	1447.4415
516.38525	3289.4419
516.39606	5538.6172
516.40692	6483.647
516.41779	5243.8315
516.42859	2804.3696
516.43945	986.66583
516.45032	498.83148
516.46118	699.93945
516.47198	896.495
516.48285	1056.5117
516.49371	1372.2772
516.50452	2643.1555
516.51538	5038.8115
516.52625	6342.7559
516.53705	5619.2539
516.54791	2956.6672
516.55878	1110.4718
516.56964	725.84668
516.58044	866.28723
516.59131	957.3504
516.60217	1457.0067
516.61298	3652.3777
516.62384	5775.271
516.6347	6202.7646
516.64551	4306.978
516.65637	2031.3485
516.66724	862.99457
516.67804	649.73334
516.6889	654.00067
516.69977	837.99615
516.71063	1850.9651
516.72144	4167.5303
516.7323	5908.6597
516.74316	5749.0635
516.75397	3779.1602
516.76483	1765.8787
516.7757	947.38702
516.7865	1000.1912
516.79736	1820.175
516.80823	3790.7861
516.81909	5934.7251
516.8299	6388.0269
516.84076	4834.5503
516.85162	2414.7886
516.86243	1014.5482
516.87329	660.62012
516.88416	790.11011
516.89496	1827.9448
516.90582	4231.7222
516.91669	5784.228
516.92749	5598.1357
516.93835	3245.3606
516.94922	1335.9476
516.96008	654.52667
516.97089	1387.7606
516.98175	3746.7617
516.99261	5655.083
517.00342	5935.2788
517.01428	4019.416
517.02515	2032.2383
517.03595	1081.3673
517.04681	1358.0016
517.05768	3179.7708
517.06848	5196.1597
517.07935	6199.1587
517.09021	5164.1455
517.10107	3268.7278
517.11188	2163.4534
517.12274	3025.9209
517.13361	4868.1772
517.14441	6072.4043
517.15527	5602.4731
517.16614	3911.7842
517.17694	2646.2693
517.18781	3103.1318
517.19867	4902.5918
517.20953	6324.6255
517.22034	6308.1421
517.2312	4825.2661
517.24207	4409.9478
517.25287	5330.9966
517.26373	6566.165
517.2746	6597.9697
517.2854	5241.501
517.29626	4999.6021
517.30713	6098.3887
517.31793	7388.8564
517.3288	7293.9565
517.33966	7014.085
517.35052	7356.7866
517.36133	8055.2485
517.37219	7935.3501
517.38306	8396.7529
517.39386	8972.1533
517.40472	10130.247
517.41559	10678.075
517.42639	11771.968
517.43726	13261.345
517.44812	15358.619
517.45892	19027.135
517.46979	20212.895
517.48065	17325.379
517.49152	11670.901
517.50232	5956.2183
517.51318	2064.9668
517.52405	518.1507
517.53485	258.10083
517.54572	236.22079
517.55658	236.38446
517.56738	265.90503
517.57825	307.69946
517.58911	346.78116
517.59998	351.12244
517.61078	297.06396
517.62164	230.96083
517.63251	157.88756
517.64331	125.68568
517.65417	127.68453
517.66504	120.30302
517.67584	120.04436
517.68671	128
517.69757	124.21004
517.70837	104.4072
517.71924	113.68894
517.7301	110.47438
517.74097	104
517.75177	103.75524
517.76263	93.028717
517.7735	102.74908
517.7843	84.079239
517.79517	83.922073
517.80603	84
517.81683	87.47979
517.8277	80.389961
517.83856	82.287552
517.84943	85.394653
517.86023	92.162498
517.87109	94
517.88196	101.93878
517.89276	113.33066
517.90363	137.06609
517.91449	158.61356
517.92529	160.02779
517.93616	124.11801
517.94702	92.863274
517.95782	83.274918
517.96869	78.393272
517.97955	68.037224
517.99042	62.370007
518.00122	61.417046
518.01208	54.89418
518.02295	55.179935
518.03375	60.747643
518.04462	59.899109
518.05548	58.611816
518.06628	59.155113
518.07715	49.116535
518.08801	54.286594
518.09882	60.321114
518.10968	61.241989
518.12054	77.936958
518.13141	98.484497
518.14221	110.15747
518.15308	94.653931
518.16394	66.325874
518.17474	60.151291
518.18561	78.664604
518.19647	96.463783
518.20728	130.65497
518.21814	175.43175
518.229	177
518.23987	156.79158
518.25067	100.41156
518.26154	63.507271
518.2724	58.152451
518.2832	79.420815
518.29407	137.61378
518.30493	166.53069
518.31573	145.40268
518.3266	91.790169
518.33746	57.362022
518.34827	52.056843
518.35913	53
518.37	53.639996
518.38086	43.522442
518.39166	45.297173
518.40253	62.948658
518.41339	63.275013
518.42419	63.867832
518.43506	75.531166
518.44592	77.601044
518.45673	69.982681
518.46759	68.324478
518.47845	87.564148
518.48926	116.76498
518.50012	130.89922
518.51099	122.47814
518.52185	96.897049
518.53265	62.453957
518.54352	52.276974
518.55438	64.983742
518.56519	61.305
518.57605	59.636646
518.58691	62.942711
518.59772	69.308205
518.60858	80.148117
518.61945	75.984184
518.63031	81.211678
518.64111	64.69561
518.65198	60.597485
518.66284	54.169151
518.67365	58.836559
518.68451	43.139275
518.69537	67.207748
518.70618	90.796577
518.71704	100.33815
518.72791	88.360947
518.73871	69.320503
518.74957	57.529652
518.76044	44.213474
518.7713	38.723633
518.7821	46.749622
518.79297	47.447975
518.80383	50.767857
518.81464	51.266068
518.8255	59.540665
518.83636	59.540733
518.84717	51.971138
518.85803	47.050682
518.8689	41.603825
518.87976	46.292305
518.89056	52.172352
518.90143	55.82806
518.91229	63.987602
518.9231	89.941284
518.93396	143.3573
518.94482	186.20172
518.95563	170.52541
518.96649	110.47079
518.97736	63.578114
518.98816	56.028168
518.99902	60.470295
519.00989	52.228214
