# X_OFFSET: -0.9707
510.008	243.36101
510.01886	359.1749
510.02969	436.81723
510.04056	517.7113
510.05139	695.35565
510.06223	1395.1411
510.07309	2132.644
510.08392	2271.4675
510.09479	1890.5809
510.10562	1435.5872
510.11646	1299.7202
510.12732	1285.8479
510.13815	1111.0708
510.14902	951.41498
510.15985	1010.6191
510.17068	1152.0013
510.18155	1216.3967
510.19238	1338.1465
510.20322	2076.4121
510.21408	3734.7366
510.22491	4544.751
510.23578	4202.0396
510.24661	2258.0811
510.25745	975.42499
510.26831	460.42331
510.27914	440.78305
510.29001	476.01343
510.30084	524.11633
510.31168	740.23187
510.32254	1041.6873
510.33337	1320.5405
510.34424	1586.7549
510.35507	1787.8759
510.36591	1899.9031
510.37677	2117.4075
510.3876	2464.1677
510.39844	2498.219
510.4093	2003.4602
510.42014	1030.0725
510.431	449.81326
510.44183	313.06516
510.45267	350.85175
510.46353	505.93307
510.47437	804.49164
510.48523	1562.4165
510.49606	3160.6951
510.5069	4640.6323
510.51776	5109.8042
510.52859	4106.7104
510.53946	2590.8687
510.55029	1576.6335
510.56113	1305.9895
510.57199	1454.6487
510.58282	1449.3562
510.59366	1210.6467
510.60452	849.54095
510.61536	640.70673
510.62622	680.17505
510.63705	881.69409
510.64789	1469.9751
510.65875	2525.2427
510.66959	2860.8877
510.68045	2516.9341
510.69128	1670.3932
510.70212	1322.4274
510.71298	1477.2358
510.72382	1739.4175
510.73468	1853.0006
510.74551	1956.3541
510.75635	2002.6227
510.76721	1939.5256
510.77805	2044.6013
510.78888	2765.3235
510.79974	4077.2192
510.81058	4488.5293
510.82144	3725.5627
510.83228	1829.0536
510.84311	705.63507
510.85397	224.86554
510.86481	185.31181
510.87567	196.27811
510.88651	262.966
510.89734	468.80493
510.9082	691.23175
510.91904	881.75739
510.9299	1016.5912
510.94073	1315.2482
510.95157	2113.7883
510.96243	3115.0208
510.97327	3446.1682
510.9841	2677.885
510.99496	1338.8677
511.0058	371.78995
511.01666	175.47308
511.0275	209.92094
511.03833	319.89392
511.04919	678.11096
511.06003	1656.7601
511.07089	3528.7625
511.08173	4669.0942
511.09256	4599.1626
511.10342	3236.8157
511.11426	1991.3552
511.12512	1529.6219
511.13596	1560.3923
511.14679	1460.9877
511.15765	978.3725
511.16849	453.63644
511.17935	221.11539
511.19019	236.56586
511.20102	412.98111
511.21188	918.67401
511.22272	1850.9744
511.23355	2583.9285
511.24442	2423.019
511.25525	1541.965
511.26611	760.38416
511.27695	651.03571
511.28778	826.51611
511.29865	883.97198
511.30948	1172.085
511.32034	1510.0099
511.33118	1866.425
511.34201	2451.137
511.35287	3597.3342
511.36371	4399.3003
511.37457	4213.6831
511.38541	2915.6318
511.39624	1368.5585
511.4071	514.56964
511.41794	208.98111
511.42877	283.03314
511.43964	439.62076
511.45047	622.43225
511.46133	820.81732
511.47217	1075.0198
511.483	1554.3373
511.49387	1943.8212
511.5047	2204.8538
511.51556	2783.8132
511.5264	2848.9563
511.53723	2352.2544
511.5481	1238.599
511.55893	452.72208
511.56979	255.13499
511.58063	320.49448
511.59146	581.14301
511.60233	1347.636
511.61316	2800.9768
511.62399	4327.4897
511.63486	4987.5542
511.64569	4454.208
511.65656	2991.6387
511.66739	1920.6567
511.67822	1200.25
511.68909	851.17719
511.69992	453.55597
511.71078	205.50125
511.72162	195.3882
511.73245	241.94191
511.74332	437.75375
511.75415	998.39832
511.76501	2230.562
511.77585	3075.7385
511.78668	3029.7256
511.79755	2191.9492
511.80838	1589.2856
511.81921	1589.266
511.83008	1571.6421
511.84091	1182.3658
511.85178	710.18256
511.86261	578.56415
511.87344	1067.7791
511.88431	2312.7061
511.89514	3911.6475
511.90601	4457.4702
511.91684	3914.1868
511.92767	2176.7419
511.93854	1133.3414
511.94937	602.40784
511.96024	619.80646
511.97107	973.07996
511.9819	1436.0878
511.99277	1547.2423
512.0036	1296.8446
512.01447	827.91595
512.02527	678.95441
512.03613	1260.7687
512.047	2306.9275
512.05786	2952.1677
512.06866	2654.8435
512.07953	1695.9578
512.09039	837.66315
512.1012	861.21594
512.11206	1461.1002
512.12292	2149.6799
512.13373	2897.5129
512.14459	3973.927
512.15546	4481.9321
512.16626	4365.5415
512.17712	2698.6628
512.18799	1388.5238
512.19885	558.5343
512.20966	444.25739
512.22052	474.38431
512.23138	454.45816
512.24219	432.89151
512.25305	588.41718
512.26392	1069.7839
512.27472	2083.6936
512.28558	3416.5991
512.29645	4110.353
512.30731	3488.8105
512.31812	2007.7416
512.32898	665.37177
512.33984	321.53711
512.35065	439.67197
512.36151	506.10101
512.37238	639.28864
512.38318	1066.1899
512.39404	2565.0466
512.40491	4671.6494
512.41571	5467.7075
512.42657	4897.9526
512.43744	2946.9434
512.4483	1475.5908
512.45911	570.07825
512.46997	320.76602
512.48083	361.54813
512.49164	378.7742
512.5025	353.45227
512.51337	386.14163
512.52417	639.38239
512.53503	1303.7981
512.5459	2547.9104
512.5567	3953.0774
512.56757	4238.4482
512.57843	3186.9297
512.58929	1476.6124
512.6001	571.92786
512.61096	540.51306
512.62183	769.81268
512.63263	1547.4005
512.64349	3388.9089
512.65436	4895.3672
512.66516	5374.9209
512.67603	4151.3921
512.68689	2448.6018
512.69775	1135.1691
512.70856	618.99493
512.71942	540.6543
512.73029	495.11771
512.74109	437.12228
512.75195	534.80035
512.76282	1049.7839
512.77362	2086.1987
512.78448	3312.8574
512.79535	3980.603
512.80615	3395.7883
512.81702	2111.7637
512.82788	935.29382
512.83875	512.35883
512.84955	520.77344
512.86041	622.10681
512.87128	901.66357
512.88208	1821.4735
512.89294	3344.6929
512.90381	4137.8979
512.91461	4105.8179
512.92548	2933.1707
512.93634	2141.3958
512.94714	1567.7549
512.95801	1225.3295
512.96887	891.96606
512.97974	576.0163
512.99054	547.86798
513.0014	930.41913
513.01227	1547.2573
513.02307	2164.9905
513.03394	2973.3914
513.0448	3667.0574
513.0556	3436.2249
513.06647	2430.8579
513.07733	965.94189
513.0882	589.74188
513.099	1041.6454
513.10986	2230.2258
513.12073	3918.0027
513.13153	4812.1333
513.1424	4637.1118
513.15326	3265.0869
513.16406	1881.8615
513.17493	863.74689
513.18579	514.15497
513.19659	786.07294
513.20746	1259.5439
513.21832	1583.0951
513.22919	1596.3815
513.23999	1662.2463
513.25085	2452.5427
513.26172	3483.8813
513.27252	3546.5203
513.28339	2771.3093
513.29425	1785.7517
513.30505	1519.5507
513.31592	1357.7889
513.32678	950.5434
513.33759	947.5047
513.34845	1877.3372
513.35931	3398.636
513.37018	4316.6997
513.38098	4603.0283
513.39185	3525.4653
513.40271	2334.3191
513.41351	1030.2207
513.42438	493.01428
513.43524	564.09381
513.44604	999.4234
513.45691	1397.4441
513.46777	1594.2289
513.47864	1661.6349
513.48944	2315.3252
513.50031	3517.7104
513.51117	4120.4048
513.52197	3657.3491
513.53284	2508.1917
513.5437	1661.3228
513.5545	1547.2256
513.56537	1980.0732
513.57623	3326.0352
513.58704	4664.9531
513.5979	5052.2427
513.60876	3959.7485
513.61963	2432.1067
513.63043	1644.7755
513.6413	1996.6102
513.65216	2708.9578
513.66296	3068.4636
513.67383	2805.6323
513.68469	2384.2856
513.6955	2105.1438
513.70636	1866.1001
513.71722	1634.9604
513.72809	1447.6519
513.73889	1552.2042
513.74976	1935.3032
513.76062	2435.3513
513.77142	3067.8496
513.78229	3966.6025
513.79315	5150.0278
513.80396	5751.957
513.81482	5684.5283
513.82568	5176.9951
513.83649	4335.019
513.84735	3801.8472
513.85822	3384.502
513.86908	3719.5505
513.87988	4406.8506
513.89075	4895.877
513.90161	4565.5
513.91241	3794.0532
513.92328	3282.6597
513.93414	3850.0588
513.94495	4055.9924
513.95581	3331.272
513.96667	1861.9034
513.97748	894.99866
513.98834	1068.2938
513.99921	1945.5345
514.01007	2885.489
514.02087	3363.5195
514.03174	3119.4094
514.0426	2304.5334
514.05341	1327.4021
514.06427	626.22717
514.07513	275.40454
514.08594	305.51279
514.0968	368.03574
514.10767	573.54102
514.11853	1179.7998
514.12933	2795.4814
514.1402	3983.281
514.15106	3790.4839
514.16187	2258.1167
514.17273	860.32703
514.18359	488.63852
514.1944	753.07678
514.20526	1681.7009
514.21613	2650.4995
514.22693	3097.8613
514.23779	2962.5701
514.24866	2322.8145
514.25952	1593.281
514.27032	905.93488
514.28119	427.82022
514.29205	284.26239
514.30286	267.34979
514.31372	369.86777
514.32458	777.41602
514.33539	1859.4148
514.34625	3520.0239
514.35712	4104.0718
514.36792	3344.188
514.37878	1654.1536
514.38965	860.86871
514.40051	1554.4369
514.41132	2320.6401
514.42218	2986.5422
514.43304	2856.5208
514.44385	2514.2273
514.45471	1660.9111
514.46558	948.10852
514.47638	417.09836
514.48724	287.72656
514.49811	356.68857
514.50897	676.86542
514.51978	1729.7587
514.53064	3261.9458
514.5415	4101.479
514.55231	3518.6924
514.56317	1989.4039
514.57404	805.50488
514.58484	761.08716
514.5957	1468.7437
514.60657	2295.5754
514.61737	2762.1467
514.62823	2611.2288
514.6391	2303.2527
514.64996	1660.1536
514.66077	1148.4991
514.67163	468.10306
514.6825	255.61462
514.6933	273.01385
514.70416	460.26987
514.71503	1099.7061
514.72583	2844.7556
514.73669	4181.2192
514.74756	4167.3315
514.75842	2768.9014
514.76923	1529.9357
514.78009	1622.3346
514.79095	2105.2705
514.80176	2522.731
514.81262	2482.373
514.82349	2273.0232
514.83429	1813.7181
514.84515	1123.5189
514.85602	573.17877
514.86682	314.65762
514.87769	488.37274
514.88855	1157.4614
514.89941	2573.8618
514.91022	4091.1594
514.92108	4281.9238
514.93195	3065.9219
514.94275	1373.3945
514.95361	877.15277
514.96448	1607.5979
514.97528	1980.1848
514.98615	2416.2664
514.99701	1932.9102
515.00781	2059.6621
515.01868	1534.6808
515.02954	1191.5508
515.04041	600.36536
515.05121	340.52817
515.06207	432.36743
515.07294	932.83093
515.08374	2399.7808
515.0946	3939.0715
515.10547	4439.6973
515.11627	3516.1602
515.12714	2269.1118
515.138	1748.4336
515.14886	1864.415
515.15967	2000.1478
515.17053	1945.6289
515.1814	1918.4686
515.1922	1604.6141
515.20306	1077.5997
515.21393	621.42584
515.22473	467.44678
515.2356	967.19281
515.24646	2267.5854
515.25726	4093.8535
515.26813	4638.7749
515.27899	3656.0481
515.28986	1827.437
515.30066	1399.0343
515.31152	1568.7416
515.32239	1816.9633
515.33319	1739.8379
515.34406	1649.0691
515.35492	1725.6029
515.36572	1414.29
515.37659	1090.4281
515.38745	628.71606
515.39825	521.82867
515.40912	1012.6544
515.41998	2503.1587
515.43085	4135.5913
515.44165	4715.0767
515.45251	3969.8474
515.46338	2597.7515
515.47418	1725.9871
515.48505	1535.4186
515.49591	1543.4663
515.50671	1592.7469
515.51758	1709.1039
515.52844	1320.0806
515.53931	995.95892
515.55011	696.1806
515.56097	1048.7006
515.57184	2539.1802
515.58264	4377.0117
515.59351	4876.1719
515.60437	3815.5078
515.61517	2321.4946
515.62604	1453.71
515.6369	1293.5168
515.64771	1238.2609
515.65857	1276.459
515.66943	1377.5336
515.6803	1322.1998
515.6911	1145.3948
515.70197	930.02448
515.71283	798.25018
515.72363	1428.1902
515.7345	3179.03
515.74536	4751.5098
515.75616	5060.6611
515.76703	3845.7175
515.77789	2050.4373
515.78876	1130.1715
515.79956	1013.9188
515.81042	1224.7627
515.82129	1320.1447
515.83209	1305.0867
515.84296	1103.8186
515.85382	1172.3582
515.86462	1703.072
515.87549	3605.2756
515.88635	5039.417
515.89716	5119.0811
515.90802	3442.5315
515.91888	1615.5129
515.92975	754.86328
515.94055	748.24695
515.95142	1050.8247
515.96228	1080.4723
515.97308	1051.0194
515.98395	1036.314
515.99481	1120.8657
516.00562	1507.8805
516.01648	2904.5352
516.02734	4743.3726
516.03815	5436.064
516.04901	4239.9678
516.05988	2193.0337
516.07074	913.62842
516.08154	809.92065
516.09241	1031.0076
516.10327	1050.9456
516.11407	1055.7987
516.12494	1233.1256
516.1358	1961.4994
516.14661	3513.3523
516.15747	5139.7817
516.16833	5326.9243
516.1792	3752.1846
516.19	1524.1263
516.20087	514.4425
516.21173	675.73419
516.22253	936.60571
516.2334	924.51343
516.24426	766.02289
516.25507	828.74512
516.26593	1696.634
516.27679	3493.9912
516.2876	5182.4067
516.29846	5382.5518
516.30933	3872.7134
516.32019	1838.2034
516.33099	768.56659
516.34186	739.73608
516.35272	832.42944
516.36353	857.98419
516.37439	1096.3934
516.38525	2183.1558
516.39606	4039.5508
516.40692	5313.3179
516.41779	4942.4873
516.42859	3156.647
516.43945	1317.2201
516.45032	556.34216
516.46118	607.24017
516.47198	800.755
516.48285	932.80743
516.49371	1146.3229
516.50452	1817.2006
516.51538	3504.5188
516.52625	5021.9946
516.53705	5054.9517
516.54791	3417.678
516.55878	1442.7605
516.56964	690.2052
516.58044	799.82782
516.59131	877.52972
516.60217	1164.9769
516.61298	2299.1348
516.62384	4314.9209
516.6347	5193.4375
516.64551	4357.7959
516.65637	2381.3232
516.66724	1028.4761
516.67804	654.88751
516.6889	621.25031
516.69977	735.58722
516.71063	1237.2512
516.72144	2854.4863
516.7323	4481.7979
516.74316	5005.8032
516.75397	3870.4856
516.76483	2122.8518
516.7757	1072.9205
516.7865	879.48334
516.79736	1319.8662
516.80823	2636.0005
516.81909	4470.7969
516.8299	5381.9341
516.84076	4684.2852
516.85162	2806.2439
516.86243	1264.2719
516.87329	645.17615
516.88416	687.07861
516.89496	1249.1863
516.90582	2822.0916
516.91669	4560.3535
516.92749	4913.4116
516.93835	3652.5325
516.94922	1656.652
516.96008	716.83423
516.97089	983.90625
516.98175	2449.6155
516.99261	4330.9868
517.00342	5087.2764
517.01428	4137.77
517.02515	2317.6348
517.03595	1180.996
517.04681	1120.5753
517.05768	2085.3027
517.06848	3850.7788
517.07935	5045.2017
517.09021	4866.8555
517.10107	3411.1057
517.11188	2149.3267
517.12274	2278.4006
517.13361	3597.5505
517.14441	4878.1875
517.15527	5062.9907
517.16614	3973.9521
517.17694	2638.2776
517.18781	2459.2908
517.19867	3605.3997
517.20953	5043.9214
517.22034	5541.7773
517.2312	4690.5518
517.24207	3821.7261
517.25287	4246.4868
517.26373	5225.3364
517.2746	5816.3442
517.2854	5002.0723
517.29626	4257.0566
517.30713	4945.665
517.31793	5915.8784
517.3288	6485.3359
517.33966	6004.2822
517.35052	6260.3145
517.36133	6774.2036
517.37219	6888.6641
517.38306	7154.623
517.39386	7518.606
517.40472	8418.1123
517.41559	9110.54
517.42639	9789.1875
517.43726	11071.697
517.44812	12596.507
517.45892	14889.318
517.46979	16260.353
517.48065	15471.357
517.49152	11901.18
517.50232	6813.3882
517.51318	2834.8181
517.52405	878.31805
517.53485	329.02109
517.54572	284.47882
517.55658	270.50769
517.56738	281.65161
517.57825	310.38107
517.58911	326.27835
517.59998	321
517.61078	308.00522
517.62164	267.64325
517.63251	222.51381
517.64331	198.15717
517.65417	193.9418
517.66504	188.92931
517.67584	190.77338
517.68671	186.53934
517.69757	187.63562
517.70837	178.46487
517.71924	168.41473
517.7301	171.77473
517.74097	168.94887
517.75177	168.1335
517.76263	173.98433
517.7735	160.35129
517.7843	160
517.79517	150.7793
517.80603	155.3904
517.81683	158.60983
517.8277	158.15443
517.83856	149.78111
517.84943	155.18394
517.86023	153.14844
517.87109	163.18068
517.88196	165.55658
517.89276	165.69421
517.90363	176.70192
517.91449	191.03278
517.92529	201.59373
517.93616	191.24934
517.94702	171.15013
517.95782	159.7299
517.96869	151.26521
517.97955	140.02792
517.99042	130.68199
518.00122	133.27017
518.01208	138.05185
518.02295	134.39749
518.03375	135
518.04462	133.59941
518.05548	132.63239
518.06628	135.69719
518.07715	131.65039
518.08801	123.50813
518.09882	127.71555
518.10968	138.41837
518.12054	145.96848
518.13141	155.9317
518.14221	161.13161
518.15308	160.70474
518.16394	149.83147
518.17474	146.96989
518.18561	132.36613
518.19647	167.98676
518.20728	167.00986
518.21814	197.90904
518.229	209.36459
518.23987	194.38441
518.25067	167.04811
518.26154	152.67413
518.2724	140.82941
518.2832	143.94327
518.29407	168.20596
518.30493	191.08376
518.31573	189.22424
518.3266	160.74913
518.33746	141.82825
518.34827	134.57193
518.35913	129.68166
518.37	126.07999
518.38086	133.62857
518.39166	130.70282
518.40253	132.39679
518.41339	140.18124
518.42419	144.09808
518.43506	139.45499
518.44592	142.11604
518.45673	147.89493
518.46759	145.5947
518.47845	152.28828
518.48926	162.85899
518.50012	174.20157
518.51099	176.28372
518.52185	165.64957
518.53265	144.04906
518.54352	130.55547
518.55438	130.22156
518.56519	128.01164
518.57605	135.24121
518.58691	128.01669
518.59772	140.83513
518.60858	140.56792
518.61945	144.61511
518.63031	148.70195
518.64111	145.23903
518.65198	135.42497
518.66284	126.20298
518.67365	131.83656
518.68451	116.13927
518.69537	136.3345
518.70618	149.34814
518.71704	173.16153
518.72791	174.09721
518.73871	151.01665
518.74957	134.22495
518.76044	124.42294
518.7713	124.63818
518.7821	126.59084
518.79297	126.22399
518.80383	124.49286
518.81464	129.13753
518.8255	135.98206
518.83636	133.15703
518.84717	129.66025
518.85803	134.84795
518.8689	128.57962
518.87976	124.21539
518.89056	126.17236
518.90143	129.82806
518.91229	132.54433
518.9231	148.70596
518.93396	177.65237
518.94482	202.17032
518.95563	208.83144
518.96649	188.07172
518.97736	151.57732
518.98816	128.59718
518.99902	130.29456
519.00989	134